1    1
1.0000000000000000e+001   0.0000000000000000e+000   1.7915748675000276e+000
9.9949999999999992e+000   0.0000000000000000e+000   1.7971435640449700e+000
9.9860000000000007e+000   0.0000000000000000e+000   1.8027295695965146e+000
9.9770000000000003e+000   0.0000000000000000e+000   1.8083329379557092e+000
9.9680000000000000e+000   0.0000000000000000e+000   1.8139537230908298e+000
9.9589999999999996e+000   0.0000000000000000e+000   1.8195919791379003e+000
9.9499999999999993e+000   0.0000000000000000e+000   1.8252477604012138e+000
9.9410000000000007e+000   0.0000000000000000e+000   1.8309211213538563e+000
9.9320000000000004e+000   0.0000000000000000e+000   1.8366121166382303e+000
9.9230000000000000e+000   0.0000000000000000e+000   1.8423208010665817e+000
9.9139999999999997e+000   0.0000000000000000e+000   1.8480472296215273e+000
9.9049999999999994e+000   0.0000000000000000e+000   1.8537914574565852e+000
9.8960000000000008e+000   0.0000000000000000e+000   1.8595535398967054e+000
9.8870000000000005e+000   0.0000000000000000e+000   1.8653335324388023e+000
9.8780000000000001e+000   0.0000000000000000e+000   1.8711314907522900e+000
9.8689999999999998e+000   0.0000000000000000e+000   1.8769474706796179e+000
9.8599999999999994e+000   0.0000000000000000e+000   1.8827815282368090e+000
9.8510000000000009e+000   0.0000000000000000e+000   1.8886337196139991e+000
9.8420000000000005e+000   0.0000000000000000e+000   1.8945041011759776e+000
9.8330000000000002e+000   0.0000000000000000e+000   1.9003927294627316e+000
9.8239999999999998e+000   0.0000000000000000e+000   1.9062996611899889e+000
9.8149999999999995e+000   0.0000000000000000e+000   1.9122249532497659e+000
9.8059999999999992e+000   0.0000000000000000e+000   1.9181686627109140e+000
9.7970000000000006e+000   0.0000000000000000e+000   1.9241308468196698e+000
9.7880000000000003e+000   0.0000000000000000e+000   1.9301115630002075e+000
9.7789999999999999e+000   0.0000000000000000e+000   1.9361108688551902e+000
9.7699999999999996e+000   0.0000000000000000e+000   1.9421288221663262e+000
9.7609999999999992e+000   0.0000000000000000e+000   1.9481654808949243e+000
9.7520000000000007e+000   0.0000000000000000e+000   1.9542209031824529e+000
9.7430000000000003e+000   0.0000000000000000e+000   1.9602951473510999e+000
9.7340000000000000e+000   0.0000000000000000e+000   1.9663882719043340e+000
9.7249999999999996e+000   0.0000000000000000e+000   1.9725003355274686e+000
9.7159999999999993e+000   0.0000000000000000e+000   1.9786313970882268e+000
9.7070000000000007e+000   0.0000000000000000e+000   1.9847815156373081e+000
9.6980000000000004e+000   0.0000000000000000e+000   1.9909507504089581e+000
9.6890000000000001e+000   0.0000000000000000e+000   1.9971391608215376e+000
9.6799999999999997e+000   0.0000000000000000e+000   2.0033468064780964e+000
9.6709999999999994e+000   0.0000000000000000e+000   2.0095737471669461e+000
9.6620000000000008e+000   0.0000000000000000e+000   2.0158200428622361e+000
9.6530000000000005e+000   0.0000000000000000e+000   2.0220857537245331e+000
9.6440000000000001e+000   0.0000000000000000e+000   2.0283709401013970e+000
9.6349999999999998e+000   0.0000000000000000e+000   2.0346756625279658e+000
9.6259999999999994e+000   0.0000000000000000e+000   2.0409999817275364e+000
9.6169999999999991e+000   0.0000000000000000e+000   2.0473439586121494e+000
9.6080000000000005e+000   0.0000000000000000e+000   2.0537076542831771e+000
9.5990000000000002e+000   0.0000000000000000e+000   2.0600911300319118e+000
9.5899999999999999e+000   0.0000000000000000e+000   2.0664944473401543e+000
9.5809999999999995e+000   0.0000000000000000e+000   2.0729176678808088e+000
9.5719999999999992e+000   0.0000000000000000e+000   2.0793608535184740e+000
9.5630000000000006e+000   0.0000000000000000e+000   2.0858240663100416e+000
9.5540000000000003e+000   0.0000000000000000e+000   2.0923073685052920e+000
9.5449999999999999e+000   0.0000000000000000e+000   2.0988108225474953e+000
9.5359999999999996e+000   0.0000000000000000e+000   2.1053344910740122e+000
9.5269999999999992e+000   0.0000000000000000e+000   2.1118784369168959e+000
9.5180000000000007e+000   0.0000000000000000e+000   2.1184427231035001e+000
9.5090000000000003e+000   0.0000000000000000e+000   5.6568542494923806e+000
9.5000000000000000e+000   3.8456257086096415e-009   5.6568542494923806e+000
9.4909999999999997e+000   6.1659207357955825e-008   5.6568542494923806e+000
9.4819999999999993e+000   1.7344074458531871e-007   5.6568542494923806e+000
9.4730000000000008e+000   3.3919023120288546e-007   5.6568542494923806e+000
9.4640000000000004e+000   5.5890765519791283e-007   5.6568542494923806e+000
9.4550000000000001e+000   8.3259299873245617e-007   5.6568542494923806e+000
9.4459999999999997e+000   1.1602462381434778e-006   5.6568542494923806e+000
9.4369999999999994e+000   1.5418673439427386e-006   5.6568542494923806e+000
9.4280000000000008e+000   1.9774562808170691e-006   5.6568542494923806e+000
9.4190000000000005e+000   2.4670130076282068e-006   5.6568542494923806e+000
9.4100000000000001e+000   3.0105374774126335e-006   5.6568542494923806e+000
9.4009999999999998e+000   3.6080296373820092e-006   5.6568542494923806e+000
9.3919999999999995e+000   4.2594894289227380e-006   5.6568542494923806e+000
9.3829999999999991e+000   4.9649167875962397e-006   5.6568542494923806e+000
9.3740000000000006e+000   5.7243116431387867e-006   5.6568542494923806e+000
9.3650000000000002e+000   6.5376739194617211e-006   5.6568542494923806e+000
9.3559999999999999e+000   7.4050035346511292e-006   5.6568542494923806e+000
9.3469999999999995e+000   8.3263004009683297e-006   5.6568542494923806e+000
9.3379999999999992e+000   9.3015644248494399e-006   5.6568542494923806e+000
9.3290000000000006e+000   1.0330795506905701e-005   5.6568542494923806e+000
9.3200000000000003e+000   1.1413993541923098e-005   5.6568542494923806e+000
9.3109999999999999e+000   1.2551158418862794e-005   5.6568542494923806e+000
9.3019999999999996e+000   1.3742290020860970e-005   5.6568542494923806e+000
9.2929999999999993e+000   1.4987388225228763e-005   5.6568542494923806e+000
9.2840000000000007e+000   1.6286452903452493e-005   5.6568542494923806e+000
9.2750000000000004e+000   1.7639483921193331e-005   5.6568542494923806e+000
9.2660000000000000e+000   1.9046481138287679e-005   5.6568542494923806e+000
9.2569999999999997e+000   2.0507444408746902e-005   5.6568542494923806e+000
9.2479999999999993e+000   2.2022373580757489e-005   5.6568542494923806e+000
9.2390000000000008e+000   2.3591268496681104e-005   5.6568542494923806e+000
9.2300000000000004e+000   2.5214128993054485e-005   5.6568542494923806e+000
9.2210000000000001e+000   2.6890954900589598e-005   5.6568542494923806e+000
9.2119999999999997e+000   2.8621746044173375e-005   5.6568542494923806e+000
9.2029999999999994e+000   3.0406502242868191e-005   5.6568542494923806e+000
9.1940000000000008e+000   3.2245223309911280e-005   5.6568542494923806e+000
9.1850000000000005e+000   3.4137909052715429e-005   5.6568542494923806e+000
9.1760000000000002e+000   3.6084559272868497e-005   5.6568542494923806e+000
9.1669999999999998e+000   3.8085173766133683e-005   5.6568542494923806e+000
9.1579999999999995e+000   4.0139752322449417e-005   5.6568542494923806e+000
9.1489999999999991e+000   4.2248294725929472e-005   5.6568542494923806e+000
9.1400000000000006e+000   4.4410800754862798e-005   5.6568542494923806e+000
9.1310000000000002e+000   4.6627270181714010e-005   5.6568542494923806e+000
9.1219999999999999e+000   4.8897702773122739e-005   5.6568542494923806e+000
9.1129999999999995e+000   5.1222098289904229e-005   5.6568542494923806e+000
9.1039999999999992e+000   5.3600456487049063e-005   5.6568542494923806e+000
9.0950000000000006e+000   5.6032777113723382e-005   5.6568542494923806e+000
9.0860000000000003e+000   5.8519059913268669e-005   5.6568542494923806e+000
9.0770000000000000e+000   6.1059304623202069e-005   5.6568542494923806e+000
9.0679999999999996e+000   6.3653510975216127e-005   5.6568542494923806e+000
9.0589999999999993e+000   6.6301678695178943e-005   5.6568542494923806e+000
9.0500000000000007e+000   6.9003807503134282e-005   5.6568542494923806e+000
9.0410000000000004e+000   7.1759897113301413e-005   5.6568542494923806e+000
9.0320000000000000e+000   7.4569947234075381e-005   5.6568542494923806e+000
9.0229999999999997e+000   7.7433957568026894e-005   5.6568542494923806e+000
9.0139999999999993e+000   8.0351927811902330e-005   5.6568542494923806e+000
9.0050000000000008e+000   8.3323857656623836e-005   5.6568542494923806e+000
8.9960000000000004e+000   8.6349746787289284e-005   5.6568542494923806e+000
8.9870000000000001e+000   8.9429594883172481e-005   5.6568542494923806e+000
8.9779999999999998e+000   9.2563401617722790e-005   5.6568542494923806e+000
8.9689999999999994e+000   9.5751166658565893e-005   5.6568542494923806e+000
8.9600000000000009e+000   9.8992889667502974e-005   5.6568542494923806e+000
8.9510000000000005e+000   1.0228857030051132e-004   5.6568542494923806e+000
8.9420000000000002e+000   1.0563820820774431e-004   5.6568542494923806e+000
8.9329999999999998e+000   1.0904180303353126e-004   5.6568542494923806e+000
8.9239999999999995e+000   1.1249935441637749e-004   5.6568542494923806e+000
8.9149999999999991e+000   1.1601086198896452e-004   5.6568542494923806e+000
8.9060000000000006e+000   1.1957632537814991e-004   5.6568542494923806e+000
8.8970000000000002e+000   1.2319574420496744e-004   5.6568542494923806e+000
8.8879999999999999e+000   1.2686911808462714e-004   5.6568542494923806e+000
8.8789999999999996e+000   1.3059644662651531e-004   5.6568542494923806e+000
8.8699999999999992e+000   1.3437772943419445e-004   5.6568542494923806e+000
8.8610000000000007e+000   1.3821296610540338e-004   5.6568542494923806e+000
8.8520000000000003e+000   1.4210215623205758e-004   5.6568542494923806e+000
8.8430000000000000e+000   1.4604529940024871e-004   5.6568542494923806e+000
8.8339999999999996e+000   1.5004239519024492e-004   5.6568542494923806e+000
8.8249999999999993e+000   1.5409344317649095e-004   5.6568542494923806e+000
8.8160000000000007e+000   1.5819844292760813e-004   5.6568542494923806e+000
8.8070000000000004e+000   1.6235739400639426e-004   5.6568542494923806e+000
8.7980000000000000e+000   1.6657029596982390e-004   5.6568542494923806e+000
8.7889999999999997e+000   1.7083714836904829e-004   5.6568542494923806e+000
8.7799999999999994e+000   1.7515795074939545e-004   5.6568542494923806e+000
8.7710000000000008e+000   1.7953270265037011e-004   5.6568542494923806e+000
8.7620000000000005e+000   1.8396140360565395e-004   5.6568542494923806e+000
8.7530000000000001e+000   1.8844405314310554e-004   5.6568542494923806e+000
8.7439999999999998e+000   1.9298065078476032e-004   5.6568542494923806e+000
8.7349999999999994e+000   1.9757119604683085e-004   5.6568542494923806e+000
8.7259999999999991e+000   2.0221568843970656e-004   5.6568542494923806e+000
8.7170000000000005e+000   2.0691412746795415e-004   5.6568542494923806e+000
8.7080000000000002e+000   2.1166651263031738e-004   5.6568542494923806e+000
8.6989999999999998e+000   2.1647284341971726e-004   5.6568542494923806e+000
8.6899999999999995e+000   2.2133311932325201e-004   5.6568542494923806e+000
8.6809999999999992e+000   2.2624733982219730e-004   5.6568542494923806e+000
8.6720000000000006e+000   2.3121550439200603e-004   5.6568542494923806e+000
8.6630000000000003e+000   2.3623761250230862e-004   5.6568542494923806e+000
8.6539999999999999e+000   2.4131366361691294e-004   5.6568542494923806e+000
8.6449999999999996e+000   2.4644365719380437e-004   5.6568542494923806e+000
8.6359999999999992e+000   2.5162759268514595e-004   5.6568542494923806e+000
8.6270000000000007e+000   2.5686546953727836e-004   5.6568542494923806e+000
8.6180000000000003e+000   2.6215728719071999e-004   5.6568542494923806e+000
8.6090000000000000e+000   2.6750304508016697e-004   5.6568542494923806e+000
8.5999999999999996e+000   2.7290274263449334e-004   5.6568542494923806e+000
8.5909999999999993e+000   2.7835637927675107e-004   5.6568542494923806e+000
8.5820000000000007e+000   2.8386395442416999e-004   5.6568542494923806e+000
8.5730000000000004e+000   2.8942546748815799e-004   5.6568542494923806e+000
8.5640000000000001e+000   2.9504091787430103e-004   5.6568542494923806e+000
8.5549999999999997e+000   3.0071030498236319e-004   5.6568542494923806e+000
8.5459999999999994e+000   3.0643362820628696e-004   5.6568542494923806e+000
8.5370000000000008e+000   3.1221088693419297e-004   5.6568542494923806e+000
8.5280000000000005e+000   3.1804208054838002e-004   5.6568542494923806e+000
8.5190000000000001e+000   3.2392720842532561e-004   5.6568542494923806e+000
8.5099999999999998e+000   3.2986626993568557e-004   5.6568542494923806e+000
8.5009999999999994e+000   3.3585926444429430e-004   5.6568542494923806e+000
8.4919999999999991e+000   3.4190619131016482e-004   5.6568542494923806e+000
8.4830000000000005e+000   3.4800704988648877e-004   5.6568542494923806e+000
8.4740000000000002e+000   3.5416183952063641e-004   5.6568542494923806e+000
8.4649999999999999e+000   3.6037055955415691e-004   5.6568542494923806e+000
8.4559999999999995e+000   3.6663320932277835e-004   5.6568542494923806e+000
8.4469999999999992e+000   3.7294978815640767e-004   5.6568542494923806e+000
8.4380000000000006e+000   3.7932029537913109e-004   5.6568542494923806e+000
8.4290000000000003e+000   3.8574473030921353e-004   5.6568542494923806e+000
8.4199999999999999e+000   3.9222309225909942e-004   5.6568542494923806e+000
8.4109999999999996e+000   3.9875538053541236e-004   5.6568542494923806e+000
8.4019999999999992e+000   4.0534159443895518e-004   5.6568542494923806e+000
8.3930000000000007e+000   4.1198173326471014e-004   5.6568542494923806e+000
8.3840000000000003e+000   4.1867579630183900e-004   5.6568542494923806e+000
8.3750000000000000e+000   4.2542378283368305e-004   5.6568542494923806e+000
8.3659999999999997e+000   4.3222569213776318e-004   5.6568542494923806e+000
8.3569999999999993e+000   4.3908152348578003e-004   5.6568542494923806e+000
8.3480000000000008e+000   4.4599127614361396e-004   5.6568542494923806e+000
8.3390000000000004e+000   4.5295494937132525e-004   5.6568542494923806e+000
8.3300000000000001e+000   4.5997254242315403e-004   5.6568542494923806e+000
8.3209999999999997e+000   4.6704405454752064e-004   5.6568542494923806e+000
8.3119999999999994e+000   4.7416948498702518e-004   5.6568542494923806e+000
8.3030000000000008e+000   4.8134883297844825e-004   5.6568542494923806e+000
8.2940000000000005e+000   4.8858209775275055e-004   5.6568542494923806e+000
8.2850000000000001e+000   4.9586927853507328e-004   5.6568542494923806e+000
8.2759999999999998e+000   5.0321037454473770e-004   5.6568542494923806e+000
8.2669999999999995e+000   5.1060538499524599e-004   5.6568542494923806e+000
8.2579999999999991e+000   5.1805430909428077e-004   5.6568542494923806e+000
8.2490000000000006e+000   5.2555714604370508e-004   5.6568542494923806e+000
8.2400000000000002e+000   5.3311389503956318e-004   5.6568542494923806e+000
8.2309999999999999e+000   5.4072455527207986e-004   5.6568542494923806e+000
8.2219999999999995e+000   5.4838912592566089e-004   5.6568542494923806e+000
8.2129999999999992e+000   5.5610760617889323e-004   5.6568542494923806e+000
8.2040000000000006e+000   5.6387999520454463e-004   5.6568542494923806e+000
8.1950000000000003e+000   5.7170629216956432e-004   5.6568542494923806e+000
8.1859999999999999e+000   5.7958649623508275e-004   5.6568542494923806e+000
8.1769999999999996e+000   5.8752060655641188e-004   5.6568542494923806e+000
8.1679999999999993e+000   5.9550862228304466e-004   5.6568542494923806e+000
8.1590000000000007e+000   6.0355054255865600e-004   5.6568542494923806e+000
8.1500000000000004e+000   6.1164636652110251e-004   5.6568542494923806e+000
8.1410000000000000e+000   6.1979609330242236e-004   5.6568542494923806e+000
8.1319999999999997e+000   6.2799972202883555e-004   5.6568542494923806e+000
8.1229999999999993e+000   6.3625725182074404e-004   5.6568542494923806e+000
8.1140000000000008e+000   6.4456868179273196e-004   5.6568542494923806e+000
8.1050000000000004e+000   6.5293401105356516e-004   5.6568542494923806e+000
8.0960000000000001e+000   6.6135323870619223e-004   5.6568542494923806e+000
8.0869999999999997e+000   6.6982636384774370e-004   5.6568542494923806e+000
8.0779999999999994e+000   6.7835338556953271e-004   5.6568542494923806e+000
8.0690000000000008e+000   6.8693430295705456e-004   5.6568542494923806e+000
8.0600000000000005e+000   6.9556911508998750e-004   5.6568542494923806e+000
8.0510000000000002e+000   7.0425782104219248e-004   5.6568542494923806e+000
8.0419999999999998e+000   7.1300041988171282e-004   5.6568542494923806e+000
8.0329999999999995e+000   7.2179691067077547e-004   5.6568542494923806e+000
8.0239999999999991e+000   7.3064729246578961e-004   5.6568542494923806e+000
8.0150000000000006e+000   7.3955156431734803e-004   5.6568542494923806e+000
8.0060000000000002e+000   7.4850972527022654e-004   5.6568542494923806e+000
7.9969999999999999e+000   7.5752177436338411e-004   5.6568542494923806e+000
7.9879999999999995e+000   7.6658771062996351e-004   5.6568542494923806e+000
7.9790000000000001e+000   7.7570753309729042e-004   5.6568542494923806e+000
7.9699999999999998e+000   7.8488124078687478e-004   5.6568542494923806e+000
7.9610000000000003e+000   7.9410883271440987e-004   5.6568542494923806e+000
7.9520000000000000e+000   8.0339030788977289e-004   5.6568542494923806e+000
7.9429999999999996e+000   8.1272566531702492e-004   5.6568542494923806e+000
7.9340000000000002e+000   8.2211490399441110e-004   5.6568542494923806e+000
7.9249999999999998e+000   8.3155802291436055e-004   5.6568542494923806e+000
7.9160000000000004e+000   8.4105502106348717e-004   5.6568542494923806e+000
7.9070000000000000e+000   8.5060589742258854e-004   5.6568542494923806e+000
7.8979999999999997e+000   8.6021065096664705e-004   5.6568542494923806e+000
7.8890000000000002e+000   8.6986928066482981e-004   5.6568542494923806e+000
7.8799999999999999e+000   8.7958178548048810e-004   5.6568542494923806e+000
7.8709999999999996e+000   8.8934816437115870e-004   5.6568542494923806e+000
7.8620000000000001e+000   8.9916841628856275e-004   5.6568542494923806e+000
7.8529999999999998e+000   9.0904254017860648e-004   5.6568542494923806e+000
7.8440000000000003e+000   9.1897053498138153e-004   5.6568542494923806e+000
7.8350000000000000e+000   9.2895239963116456e-004   5.6568542494923806e+000
7.8259999999999996e+000   9.3898813305641775e-004   5.6568542494923806e+000
7.8170000000000002e+000   9.4907773417978846e-004   5.6568542494923806e+000
7.8079999999999998e+000   9.5922120191810996e-004   5.6568542494923806e+000
7.7990000000000004e+000   9.6941853518240110e-004   5.6568542494923806e+000
7.7900000000000000e+000   9.7966973287786654e-004   5.6568542494923806e+000
7.7809999999999997e+000   9.8997479390389685e-004   5.6568542494923806e+000
7.7720000000000002e+000   1.0003337171540685e-003   5.6568542494923806e+000
7.7629999999999999e+000   1.0107465015161449e-003   5.6568542494923806e+000
7.7539999999999996e+000   1.0212131458720746e-003   5.6568542494923806e+000
7.7450000000000001e+000   1.0317336490979934e-003   5.6568542494923806e+000
7.7359999999999998e+000   1.0423080100642236e-003   5.6568542494923806e+000
7.7270000000000003e+000   1.0529362276352735e-003   5.6568542494923806e+000
7.7180000000000000e+000   1.0636183006698390e-003   5.6568542494923806e+000
7.7089999999999996e+000   1.0743542280208023e-003   5.6568542494923806e+000
7.7000000000000002e+000   1.0851440085352330e-003   5.6568542494923806e+000
7.6909999999999998e+000   1.0959876410543876e-003   5.6568542494923806e+000
7.6820000000000004e+000   1.1068851244137100e-003   5.6568542494923806e+000
7.6730000000000000e+000   1.1178364574428311e-003   5.6568542494923806e+000
7.6639999999999997e+000   1.1288416389655703e-003   5.6568542494923806e+000
7.6550000000000002e+000   1.1399006677999335e-003   5.6568542494923806e+000
7.6459999999999999e+000   1.1510135427581151e-003   5.6568542494923806e+000
7.6369999999999996e+000   1.1621802626464971e-003   5.6568542494923806e+000
7.6280000000000001e+000   1.1734008262656497e-003   5.6568542494923806e+000
7.6189999999999998e+000   1.1846752324103310e-003   5.6568542494923806e+000
7.6100000000000003e+000   1.1960034798694876e-003   5.6568542494923806e+000
7.6010000000000000e+000   1.2073855674262547e-003   5.6568542494923806e+000
7.5919999999999996e+000   1.2188214938579553e-003   5.6568542494923806e+000
7.5830000000000002e+000   1.2303112579361019e-003   5.6568542494923806e+000
7.5739999999999998e+000   1.2418548584263954e-003   5.6568542494923806e+000
7.5650000000000004e+000   1.2534522940887258e-003   5.6568542494923806e+000
7.5560000000000000e+000   1.2651035636771718e-003   5.6568542494923806e+000
7.5469999999999997e+000   1.2768086659400019e-003   5.6568542494923806e+000
7.5380000000000003e+000   1.2885675996196732e-003   5.6568542494923806e+000
7.5289999999999999e+000   1.3003803634528328e-003   5.6568542494923806e+000
7.5199999999999996e+000   1.3122469561703174e-003   5.6568542494923806e+000
7.5110000000000001e+000   1.3241673764971536e-003   5.6568542494923806e+000
7.5019999999999998e+000   1.3251340670047311e-003   2.1199042219921580e+000
7.4930000000000003e+000   1.3251340670047311e-003   2.1133354071502062e+000
7.4840000000000000e+000   1.3251340670047311e-003   2.1067869466846361e+000
7.4749999999999996e+000   1.3251340670047311e-003   2.1002587775246129e+000
7.4660000000000002e+000   1.3251340670047311e-003   2.0937508367947348e+000
7.4569999999999999e+000   1.3251340670047311e-003   2.0872630618144283e+000
7.4479999999999995e+000   1.3251340670047311e-003   2.0807953900973453e+000
7.4390000000000001e+000   1.3251340670047311e-003   2.0743477593507582e+000
7.4299999999999997e+000   1.3251340670047311e-003   2.0679201074749636e+000
7.4210000000000003e+000   1.3251340670047311e-003   2.0615123725626820e+000
7.4119999999999999e+000   1.3251340670047311e-003   2.0551244928984622e+000
7.4029999999999996e+000   1.3251340670047311e-003   2.0487564069580873e+000
7.3940000000000001e+000   1.3251340670047311e-003   2.0424080534079803e+000
7.3849999999999998e+000   1.3251340670047311e-003   2.0360793711046163e+000
7.3760000000000003e+000   1.3251340670047311e-003   2.0297702990939315e+000
7.3670000000000000e+000   1.3251340670047311e-003   2.0234807766107359e+000
7.3579999999999997e+000   1.3251340670047311e-003   2.0172107430781292e+000
7.3490000000000002e+000   1.3251340670047311e-003   2.0109601381069178e+000
7.3399999999999999e+000   1.3251340670047311e-003   2.0047289014950316e+000
7.3309999999999995e+000   1.3251340670047311e-003   1.9985169732269443e+000
7.3220000000000001e+000   1.3251340670047311e-003   1.9923242934730971e+000
7.3129999999999997e+000   1.3251340670047311e-003   1.9861508025893211e+000
7.3040000000000003e+000   1.3251340670047311e-003   1.9799964411162623e+000
7.2949999999999999e+000   1.3251340670047311e-003   1.9738611497788103e+000
7.2859999999999996e+000   1.3251340670047311e-003   1.9677448694855268e+000
7.2770000000000001e+000   1.3251340670047311e-003   1.9616475413280763e+000
7.2679999999999998e+000   1.3251340670047311e-003   1.9555691065806586e+000
7.2590000000000003e+000   1.3251340670047311e-003   1.9495095066994443e+000
7.2500000000000000e+000   1.3251340670047311e-003   1.9434686833220094e+000
7.2409999999999997e+000   1.3251340670047311e-003   1.9374465782667738e+000
7.2320000000000002e+000   1.3251340670047311e-003   1.9314431335324416e+000
7.2229999999999999e+000   1.3251340670047311e-003   1.9254582912974414e+000
7.2139999999999995e+000   1.3251340670047311e-003   1.9194919939193702e+000
7.2050000000000001e+000   1.3251340670047311e-003   1.9135441839344378e+000
7.1959999999999997e+000   1.3251340670047311e-003   1.9076148040569134e+000
7.1870000000000003e+000   1.3251340670047311e-003   1.9017037971785742e+000
7.1779999999999999e+000   1.3251340670047311e-003   1.8958111063681546e+000
7.1689999999999996e+000   1.3251340670047311e-003   1.8899366748707989e+000
7.1600000000000001e+000   1.3251340670047311e-003   1.8840804461075136e+000
7.1509999999999998e+000   1.3251340670047311e-003   1.8782423636746235e+000
7.1420000000000003e+000   1.3251340670047311e-003   1.8724223713432273e+000
7.1330000000000000e+000   1.3251340670047311e-003   1.8666204130586574e+000
7.1239999999999997e+000   1.3251340670047311e-003   1.8608364329399389e+000
7.1150000000000002e+000   1.3251340670047311e-003   1.8550703752792521e+000
7.1059999999999999e+000   1.3251340670047311e-003   1.8493221845413950e+000
7.0969999999999995e+000   1.3251340670047311e-003   1.8435918053632496e+000
7.0880000000000001e+000   1.3251340670047311e-003   1.8378791825532481e+000
7.0789999999999997e+000   1.3251340670047311e-003   1.8321842610908412e+000
7.0700000000000003e+000   1.3251340670047311e-003   1.8265069861259686e+000
7.0609999999999999e+000   1.3251340670047311e-003   1.8208473029785299e+000
7.0519999999999996e+000   1.3251340670047311e-003   1.8152051571378593e+000
7.0430000000000001e+000   1.3251340670047311e-003   1.8095804942621991e+000
7.0339999999999998e+000   1.3251340670047311e-003   1.8039732601781773e+000
7.0250000000000004e+000   1.3251340670047311e-003   1.7983834008802857e+000
7.0160000000000000e+000   1.3251340670047311e-003   1.7928108625303592e+000
7.0069999999999997e+000   1.3251340670047311e-003   1.7872555914570583e+000
6.9980000000000002e+000   1.3251340670047311e-003   1.7817175341553506e+000
6.9889999999999999e+000   1.3251340670047311e-003   1.7761966372859972e+000
6.9799999999999995e+000   1.3251340670047311e-003   1.7706928476750379e+000
6.9710000000000001e+000   1.3251340670047311e-003   1.7652061123132794e+000
6.9619999999999997e+000   1.3251340670047311e-003   1.7597363783557842e+000
6.9530000000000003e+000   1.3251340670047311e-003   1.7542835931213632e+000
6.9440000000000000e+000   1.3251340670047311e-003   1.7488477040920658e+000
6.9349999999999996e+000   1.3251340670047311e-003   1.7434286589126766e+000
6.9260000000000002e+000   1.3251340670047311e-003   1.7380264053902097e+000
6.9169999999999998e+000   1.3251340670047311e-003   1.7326408914934062e+000
6.9080000000000004e+000   1.3251340670047311e-003   1.7272720653522331e+000
6.8990000000000000e+000   1.3251340670047311e-003   1.7219198752573843e+000
6.8899999999999997e+000   1.3251340670047311e-003   1.7165842696597817e+000
6.8810000000000002e+000   1.3251340670047311e-003   1.7112651971700796e+000
6.8719999999999999e+000   1.3251340670047311e-003   1.7059626065581683e+000
6.8629999999999995e+000   1.3251340670047311e-003   1.7006764467526829e+000
6.8540000000000001e+000   1.3251340670047311e-003   1.6954066668405090e+000
6.8449999999999998e+000   1.3251340670047311e-003   1.6901532160662940e+000
6.8360000000000003e+000   1.3251340670047311e-003   1.6849160438319581e+000
6.8270000000000000e+000   1.3251340670047311e-003   1.6796950996962061e+000
6.8179999999999996e+000   1.3251340670047311e-003   1.6744903333740420e+000
6.8090000000000002e+000   1.3251340670047311e-003   1.6693016947362851e+000
6.7999999999999998e+000   1.3251340670047311e-003   1.6641291338090871e+000
6.7910000000000004e+000   1.3251340670047311e-003   1.6589726007734498e+000
6.7820000000000000e+000   1.3251340670047311e-003   1.6538320459647464e+000
6.7729999999999997e+000   1.3251340670047311e-003   1.6487074198722433e+000
6.7640000000000002e+000   1.3251340670047311e-003   1.6435986731386218e+000
6.7549999999999999e+000   1.3251340670047311e-003   1.6385057565595043e+000
6.7459999999999996e+000   1.3251340670047311e-003   1.6334286210829791e+000
6.7370000000000001e+000   1.3251340670047311e-003   1.6283672178091295e+000
6.7279999999999998e+000   1.3251340670047311e-003   1.6233214979895612e+000
6.7190000000000003e+000   1.3251340670047311e-003   1.6182914130269337e+000
6.7100000000000000e+000   1.3251340670047311e-003   1.6132769144744921e+000
6.7009999999999996e+000   1.3251340670047311e-003   1.6082779540356005e+000
6.6920000000000002e+000   1.3251340670047311e-003   1.6032944835632763e+000
6.6829999999999998e+000   1.3251340670047311e-003   1.5983264550597278e+000
6.6739999999999995e+000   1.3251340670047311e-003   1.5933738206758903e+000
6.6650000000000000e+000   1.3251340670047311e-003   1.5884365327109664e+000
6.6559999999999997e+000   1.3251340670047311e-003   1.5835145436119660e+000
6.6470000000000002e+000   1.3251340670047311e-003   1.5786078059732487e+000
6.6379999999999999e+000   1.3251340670047311e-003   1.5737162725360667e+000
6.6289999999999996e+000   1.3251340670047311e-003   1.5688398961881100e+000
6.6200000000000001e+000   1.3251340670047311e-003   1.5639786299630527e+000
6.6109999999999998e+000   1.3251340670047311e-003   1.5591324270401008e+000
6.6020000000000003e+000   1.3251340670047311e-003   1.5543012407435401e+000
6.5930000000000000e+000   1.3251340670047311e-003   1.5494850245422886e+000
6.5839999999999996e+000   1.3251340670047311e-003   1.5446837320494464e+000
6.5750000000000002e+000   1.3251340670047311e-003   1.5398973170218502e+000
6.5659999999999998e+000   1.3251340670047311e-003   1.5351257333596273e+000
6.5569999999999995e+000   1.3251340670047311e-003   1.5303689351057521e+000
6.5480000000000000e+000   1.3251340670047311e-003   1.5256268764456031e+000
6.5389999999999997e+000   1.3251340670047311e-003   1.5208995117065212e+000
6.5300000000000002e+000   1.3251340670047311e-003   1.5161867953573709e+000
6.5209999999999999e+000   1.3251340670047311e-003   1.5114886820081010e+000
6.5119999999999996e+000   1.3251340670047311e-003   1.5068051264093079e+000
6.5030000000000001e+000   1.3251340670047311e-003   1.5021360834517985e+000
6.4939999999999998e+000   1.3251340670047311e-003   1.4974815081661581e+000
6.4850000000000003e+000   1.3251340670047311e-003   1.4928413557223150e+000
6.4760000000000000e+000   1.3251340670047311e-003   1.4882155814291098e+000
6.4669999999999996e+000   1.3251340670047311e-003   1.4836041407338654e+000
6.4580000000000002e+000   1.3251340670047311e-003   1.4790069892219562e+000
6.4489999999999998e+000   1.3251340670047311e-003   1.4744240826163824e+000
6.4399999999999995e+000   1.3251340670047311e-003   1.4698553767773421e+000
6.4310000000000000e+000   1.3251340670047311e-003   1.4653008277018069e+000
6.4219999999999997e+000   1.3251340670047311e-003   1.4607603915230976e+000
6.4130000000000003e+000   1.3251340670047311e-003   1.4562340245104619e+000
6.4039999999999999e+000   1.3251340670047311e-003   1.4517216830686537e+000
6.3949999999999996e+000   1.3251340670047311e-003   1.4472233237375121e+000
6.3860000000000001e+000   1.3251340670047311e-003   1.4427389031915441e+000
6.3769999999999998e+000   1.3251340670047311e-003   1.4382683782395065e+000
6.3680000000000003e+000   1.3251340670047311e-003   1.4338117058239899e+000
6.3590000000000000e+000   1.3251340670047311e-003   1.4293688430210043e+000
6.3499999999999996e+000   1.3251340670047311e-003   1.4249397470395659e+000
6.3410000000000002e+000   1.3251340670047311e-003   1.4205243752212842e+000
6.3319999999999999e+000   1.3251340670047311e-003   1.4161226850399520e+000
6.3229999999999995e+000   1.3251340670047311e-003   1.4117346341011348e+000
6.3140000000000001e+000   1.3251340670047311e-003   1.4073601801417637e+000
6.3049999999999997e+000   1.3251340670047311e-003   1.4029992810297276e+000
6.2960000000000003e+000   1.3251340670047311e-003   1.3986518947634674e+000
6.2869999999999999e+000   1.3251340670047311e-003   1.3943179794715717e+000
6.2779999999999996e+000   1.3251340670047311e-003   1.3899974934123731e+000
6.2690000000000001e+000   1.3251340670047311e-003   1.3856903949735471e+000
6.2599999999999998e+000   1.3251340670047311e-003   1.3813966426717104e+000
6.2510000000000003e+000   1.3251340670047311e-003   1.3771161951520214e+000
6.2420000000000000e+000   1.3251340670047311e-003   1.3728490111877827e+000
6.2329999999999997e+000   1.3251340670047311e-003   1.3685950496800432e+000
6.2240000000000002e+000   1.3251340670047311e-003   1.3643542696572024e+000
6.2149999999999999e+000   1.3251340670047311e-003   1.3601266302746164e+000
6.2059999999999995e+000   1.3251340670047311e-003   1.3559120908142035e+000
6.1970000000000001e+000   1.3251340670047311e-003   1.3517106106840531e+000
6.1879999999999997e+000   1.3251340670047311e-003   1.3475221494180336e+000
6.1790000000000003e+000   1.3251340670047311e-003   1.3433466666754039e+000
6.1699999999999999e+000   1.3251340670047311e-003   1.3391841222404239e+000
6.1609999999999996e+000   1.3251340670047311e-003   1.3350344760219679e+000
6.1520000000000001e+000   1.3251340670047311e-003   1.3308976880531371e+000
6.1429999999999998e+000   1.3251340670047311e-003   1.3267737184908768e+000
6.1340000000000003e+000   1.3251340670047311e-003   1.3226625276155908e+000
6.1250000000000000e+000   1.3251340670047311e-003   1.3185640758307597e+000
6.1159999999999997e+000   1.3251340670047311e-003   1.3144783236625592e+000
6.1070000000000002e+000   1.3251340670047311e-003   1.3104052317594808e+000
6.0979999999999999e+000   1.3251340670047311e-003   1.3063447608919507e+000
6.0889999999999995e+000   1.3251340670047311e-003   1.3022968719519545e+000
6.0800000000000001e+000   1.3251340670047311e-003   1.2982615259526593e+000
6.0709999999999997e+000   1.3251340670047311e-003   1.2942386840280373e+000
6.0620000000000003e+000   1.3251340670047311e-003   1.2902283074324938e+000
6.0529999999999999e+000   1.3251340670047311e-003   1.2862303575404914e+000
6.0439999999999996e+000   1.3251340670047311e-003   1.2822447958461800e+000
6.0350000000000001e+000   1.3251340670047311e-003   1.2782715839630248e+000
6.0259999999999998e+000   1.3251340670047311e-003   1.2743106836234375e+000
6.0170000000000003e+000   1.3251340670047311e-003   1.2703620566784064e+000
6.0080000000000000e+000   1.3251340670047311e-003   1.2664256650971302e+000
5.9989999999999997e+000   1.3251340670047311e-003   1.2625014709666516e+000
5.9900000000000002e+000   1.3251340670047311e-003   1.2585894364914909e+000
5.9809999999999999e+000   1.3251340670047311e-003   1.2546895239932838e+000
5.9719999999999995e+000   1.3251340670047311e-003   1.2508016959104173e+000
5.9630000000000001e+000   1.3251340670047311e-003   1.2469259147976679e+000
5.9539999999999997e+000   1.3251340670047311e-003   1.2430621433258418e+000
5.9450000000000003e+000   1.3251340670047311e-003   1.2392103442814142e+000
5.9359999999999999e+000   1.3251340670047311e-003   1.2353704805661723e+000
5.9269999999999996e+000   1.3251340670047311e-003   1.2315425151968564e+000
5.9180000000000001e+000   1.3251340670047311e-003   1.2277264113048054e+000
5.9089999999999998e+000   1.3251340670047311e-003   1.2239221321356000e+000
5.9000000000000004e+000   1.3251340670047311e-003   1.2201296410487101e+000
5.8910000000000000e+000   1.3251340670047311e-003   1.2163489015171409e+000
5.8819999999999997e+000   1.3251340670047311e-003   1.2125798771270819e+000
5.8730000000000002e+000   1.3251340670047311e-003   1.2088225315775556e+000
5.8639999999999999e+000   1.3251340670047311e-003   1.2050768286800677e+000
5.8549999999999995e+000   1.3251340670047311e-003   1.2013427323582599e+000
5.8460000000000001e+000   1.3251340670047311e-003   1.1976202066475605e+000
5.8369999999999997e+000   1.3251340670047311e-003   1.1939092156948397e+000
5.8280000000000003e+000   1.3251340670047311e-003   1.1902097237580627e+000
5.8190000000000000e+000   1.3251340670047311e-003   1.1865216952059472e+000
5.8099999999999996e+000   1.3251340670047311e-003   1.1828450945176188e+000
5.8010000000000002e+000   1.3251340670047311e-003   1.1791798862822696e+000
5.7919999999999998e+000   1.3251340670047311e-003   1.1755260351988168e+000
5.7829999999999995e+000   1.3251340670047311e-003   1.1718835060755632e+000
5.7740000000000000e+000   1.3251340670047311e-003   1.1682522638298576e+000
5.7649999999999997e+000   1.3251340670047311e-003   1.1646322734877572e+000
5.7560000000000002e+000   1.3251340670047311e-003   1.1610235001836910e+000
5.7469999999999999e+000   1.3251340670047311e-003   1.1574259091601238e+000
5.7379999999999995e+000   1.3251340670047311e-003   1.1538394657672209e+000
5.7290000000000001e+000   1.3251340670047311e-003   1.1502641354625156e+000
5.7199999999999998e+000   1.3251340670047311e-003   1.1466998838105751e+000
5.7110000000000003e+000   1.3251340670047311e-003   1.1431466764826701e+000
5.7020000000000000e+000   1.3251340670047311e-003   1.1396044792564433e+000
5.6929999999999996e+000   1.3251340670047311e-003   1.1360732580155799e+000
5.6840000000000002e+000   1.3251340670047311e-003   1.1325529787494797e+000
5.6749999999999998e+000   1.3251340670047311e-003   1.1290436075529287e+000
5.6659999999999995e+000   1.3251340670047311e-003   1.1255451106257726e+000
5.6570000000000000e+000   1.3251340670047311e-003   1.1220574542725923e+000
5.6479999999999997e+000   1.3251340670047311e-003   1.1185806049023777e+000
5.6390000000000002e+000   1.3251340670047311e-003   1.1151145290282058e+000
5.6299999999999999e+000   1.3251340670047311e-003   1.1116591932669171e+000
5.6209999999999996e+000   1.3251340670047311e-003   1.1082145643387942e+000
5.6120000000000001e+000   1.3251340670047311e-003   1.1047806090672418e+000
5.6029999999999998e+000   1.3251340670047311e-003   1.1013572943784671e+000
5.5940000000000003e+000   1.3251340670047311e-003   1.0979445873011604e+000
5.5850000000000000e+000   1.3251340670047311e-003   1.0945424549661784e+000
5.5759999999999996e+000   1.3251340670047311e-003   1.0911508646062271e+000
5.5670000000000002e+000   1.3251340670047311e-003   1.0877697835555473e+000
5.5579999999999998e+000   1.3251340670047311e-003   1.0843991792495982e+000
5.5489999999999995e+000   1.3251340670047311e-003   1.0810390192247452e+000
5.5400000000000000e+000   1.3251340670047311e-003   1.0776892711179467e+000
5.5309999999999997e+000   1.3251340670047311e-003   1.0743499026664423e+000
5.5220000000000002e+000   1.3251340670047311e-003   1.0710208817074420e+000
5.5129999999999999e+000   1.3251340670047311e-003   1.0677021761778174e+000
5.5039999999999996e+000   1.3251340670047311e-003   1.0643937541137911e+000
5.4950000000000001e+000   1.3251340670047311e-003   1.0610955836506308e+000
5.4859999999999998e+000   1.3251340670047311e-003   1.0578076330223407e+000
5.4770000000000003e+000   1.3251340670047311e-003   1.0545298705613568e+000
5.4680000000000000e+000   1.3251340670047311e-003   1.0512622646982415e+000
5.4589999999999996e+000   1.3251340670047311e-003   1.0480047839613784e+000
5.4500000000000002e+000   1.3251340670047311e-003   1.0447573969766719e+000
5.4409999999999998e+000   1.3251340670047311e-003   1.0415200724672418e+000
5.4319999999999995e+000   1.3251340670047311e-003   1.0382927792531247e+000
5.4230000000000000e+000   1.3251340670047311e-003   1.0350754862509721e+000
5.4139999999999997e+000   1.3251340670047311e-003   1.0318681624737513e+000
5.4050000000000002e+000   1.3251340670047311e-003   1.0286707770304480e+000
5.3959999999999999e+000   1.3251340670047311e-003   1.0254832991257672e+000
5.3869999999999996e+000   1.3251340670047311e-003   1.0223056980598375e+000
5.3780000000000001e+000   1.3251340670047311e-003   1.0191379432279155e+000
5.3689999999999998e+000   1.3251340670047311e-003   1.0159800041200908e+000
5.3600000000000003e+000   1.3251340670047311e-003   1.0128318503209919e+000
5.3510000000000000e+000   1.3251340670047311e-003   1.0096934515094937e+000
5.3419999999999996e+000   1.3251340670047311e-003   1.0065647774584254e+000
5.3330000000000002e+000   1.3251340670047311e-003   1.0034457980342790e+000
5.3239999999999998e+000   1.3251340670047311e-003   1.0003364831969193e+000
5.3149999999999995e+000   1.3251340670047311e-003   9.9723680299929462e-001
5.3060000000000000e+000   1.3251340670047311e-003   9.9414672758714873e-001
5.2969999999999997e+000   1.3251340670047311e-003   9.9106622719873239e-001
5.2880000000000003e+000   1.3251340670047311e-003   9.8799527216451744e-001
5.2789999999999999e+000   1.3251340670047311e-003   9.8493383290691106e-001
5.2699999999999996e+000   1.3251340670047311e-003   9.8188187993997011e-001
5.2610000000000001e+000   1.3251340670047311e-003   9.7883938386911840e-001
5.2519999999999998e+000   1.3251340670047311e-003   9.7580631539086227e-001
5.2430000000000003e+000   1.3251340670047311e-003   9.7278264529250935e-001
5.2340000000000000e+000   1.3251340670047311e-003   9.6976834445188664e-001
5.2249999999999996e+000   1.3251340670047311e-003   9.6676338383706029e-001
5.2160000000000002e+000   1.3251340670047311e-003   9.6376773450605580e-001
5.2069999999999999e+000   1.3251340670047311e-003   9.6078136760657940e-001
5.1979999999999995e+000   1.3251340670047311e-003   9.5780425437574013e-001
5.1890000000000001e+000   1.3251340670047311e-003   9.5483636613977274e-001
5.1799999999999997e+000   1.3251340670047311e-003   9.5187767431376180e-001
5.1710000000000003e+000   1.3251340670047311e-003   9.4892815040136602e-001
5.1619999999999999e+000   1.3251340670047311e-003   9.4598776599454371e-001
5.1529999999999996e+000   1.3251340670047311e-003   9.4305649277327985e-001
5.1440000000000001e+000   1.3251340670047311e-003   9.4013430250531260e-001
5.1349999999999998e+000   1.3251340670047311e-003   9.3722116704586178e-001
5.1260000000000003e+000   1.3251340670047311e-003   9.3431705833735756e-001
5.1170000000000000e+000   1.3251340670047311e-003   9.3142194840917047e-001
5.1079999999999997e+000   1.3251340670047311e-003   9.2853580937734193e-001
5.0990000000000002e+000   1.3251340670047311e-003   9.2565861344431533e-001
5.0899999999999999e+000   1.3251340670047311e-003   9.2279033289866907e-001
5.0809999999999995e+000   1.3251340670047311e-003   9.1993094011484877e-001
5.0720000000000001e+000   1.3251340670047311e-003   9.1708040755290199e-001
5.0629999999999997e+000   1.3251340670047311e-003   9.1423870775821248e-001
5.0540000000000003e+000   1.3251340670047311e-003   9.1140581336123561e-001
5.0449999999999999e+000   1.3251340670047311e-003   9.0858169707723568e-001
5.0359999999999996e+000   1.3251340670047311e-003   9.0576633170602183e-001
5.0270000000000001e+000   1.3251340670047311e-003   9.0295969013168709e-001
5.0179999999999998e+000   1.3251340670047311e-003   9.0016174532234694e-001
5.0089999999999995e+000   1.3251340670047311e-003   8.9737247032987866e-001
5.0000000000000000e+000   1.3251340670047311e-003   8.9459183828966204e-001
4.9909999999999997e+000   1.3251340670047311e-003   8.9181982242032065e-001
4.9820000000000002e+000   1.3251340670047311e-003   8.8905639602346376e-001
4.9729999999999999e+000   1.3251340670047311e-003   8.8630153248342947e-001
4.9639999999999995e+000   1.3251340670047311e-003   8.8355520526702780e-001
4.9550000000000001e+000   1.3251340670047311e-003   8.8081738792328590e-001
4.9459999999999997e+000   1.3251340670047311e-003   8.7808805408319268e-001
4.9370000000000003e+000   1.3251340670047311e-003   8.7536717745944503e-001
4.9279999999999999e+000   1.3251340670047311e-003   8.7265473184619491e-001
4.9189999999999996e+000   1.3251340670047311e-003   8.6995069111879642e-001
4.9100000000000001e+000   1.3251340670047311e-003   8.6725502923355469e-001
4.9009999999999998e+000   1.3251340670047311e-003   8.6456772022747463e-001
4.8919999999999995e+000   1.3251340670047311e-003   8.6188873821801115e-001
4.8830000000000000e+000   1.3251340670047311e-003   8.5921805740281976e-001
4.8739999999999997e+000   1.3251340670047311e-003   8.5655565205950823e-001
4.8650000000000002e+000   1.3251340670047311e-003   8.5390149654538849e-001
4.8559999999999999e+000   1.3251340670047311e-003   8.5125556529722990e-001
4.8469999999999995e+000   1.3251340670047311e-003   8.4861783283101322e-001
4.8380000000000001e+000   1.3251340670047311e-003   8.4598827374168473e-001
4.8289999999999997e+000   1.3251340670047311e-003   8.4336686270291183e-001
4.8200000000000003e+000   1.3251340670047311e-003   8.4075357446683896e-001
4.8109999999999999e+000   1.3251340670047311e-003   8.3814838386384471e-001
4.8019999999999996e+000   1.3251340670047311e-003   8.3555126580229910e-001
4.7930000000000001e+000   1.3251340670047311e-003   8.3296219526832183e-001
4.7839999999999998e+000   1.3251340670047311e-003   8.3038114732554191e-001
4.7749999999999995e+000   1.3251340670047311e-003   8.2780809711485692e-001
4.7660000000000000e+000   1.3251340670047311e-003   8.2524301985419379e-001
4.7569999999999997e+000   1.3251340670047311e-003   8.2268589083827004e-001
4.7480000000000002e+000   1.3251340670047311e-003   8.2013668543835605e-001
4.7389999999999999e+000   1.3251340670047311e-003   8.1759537910203772e-001
4.7299999999999995e+000   1.3251340670047311e-003   8.1506194735297988e-001
4.7210000000000001e+000   1.3251340670047311e-003   8.1253636579069066e-001
4.7119999999999997e+000   1.3251340670047311e-003   8.1001861009028664e-001
4.7030000000000003e+000   1.3251340670047311e-003   8.0750865600225807e-001
4.6940000000000000e+000   1.3251340670047311e-003   8.0500647935223590e-001
4.6849999999999996e+000   1.3251340670047311e-003   8.0251205604075859e-001
4.6760000000000002e+000   1.3251340670047311e-003   8.0002536204304020e-001
4.6669999999999998e+000   1.3251340670047311e-003   7.9754637340873868e-001
4.6579999999999995e+000   1.3251340670047311e-003   7.9507506626172575e-001
4.6490000000000000e+000   1.3251340670047311e-003   7.9261141679985625e-001
4.6399999999999997e+000   1.3251340670047311e-003   7.9015540129473949e-001
4.6310000000000002e+000   1.3251340670047311e-003   7.8770699609151018e-001
4.6219999999999999e+000   1.3251340670047311e-003   7.8526617760860129e-001
4.6129999999999995e+000   1.3251340670047311e-003   7.8283292233751611e-001
4.6040000000000001e+000   1.3251340670047311e-003   7.8040720684260245e-001
4.5949999999999998e+000   1.3251340670047311e-003   7.7798900776082669e-001
4.5860000000000003e+000   1.3251340670047311e-003   7.7557830180154896e-001
4.5770000000000000e+000   1.3251340670047311e-003   7.7317506574629824e-001
4.5679999999999996e+000   1.3251340670047311e-003   7.7077927644854938e-001
4.5590000000000002e+000   1.3251340670047311e-003   7.6839091083349997e-001
4.5499999999999998e+000   1.3251340670047311e-003   7.6600994589784799e-001
4.5409999999999995e+000   1.3251340670047311e-003   7.6363635870957025e-001
4.5320000000000000e+000   1.3251340670047311e-003   7.6127012640770164e-001
4.5229999999999997e+000   1.3251340670047311e-003   7.5891122620211493e-001
4.5140000000000002e+000   1.3251340670047311e-003   7.5655963537330118e-001
4.5049999999999999e+000   1.3251340670047311e-003   7.5421533127215101e-001
4.4959999999999996e+000   1.3251340670047311e-003   7.5187829131973638e-001
4.4870000000000001e+000   1.3251340670047311e-003   7.4954849300709314e-001
4.4779999999999998e+000   1.3251340670047311e-003   7.4722591389500448e-001
4.4690000000000003e+000   1.3251340670047311e-003   7.4491053161378429e-001
4.4600000000000000e+000   1.3251340670047311e-003   7.4260232386306224e-001
4.4509999999999996e+000   1.3251340670047311e-003   7.4030126841156851e-001
4.4420000000000002e+000   1.3251340670047311e-003   7.3800734309692018e-001
4.4329999999999998e+000   1.3251340670047311e-003   7.3572052582540737e-001
4.4239999999999995e+000   1.3251340670047311e-003   7.3344079457178080e-001
4.4150000000000000e+000   1.3251340670047311e-003   7.3116812737903913e-001
4.4059999999999997e+000   1.3251340670047311e-003   7.2890250235821819e-001
4.3970000000000002e+000   1.3251340670047311e-003   7.2664389768817927e-001
4.3879999999999999e+000   1.3251340670047311e-003   7.2439229161540009e-001
4.3789999999999996e+000   1.3251340670047311e-003   7.2214766245376416e-001
4.3700000000000001e+000   1.3251340670047311e-003   7.1990998858435262e-001
4.3609999999999998e+000   1.3251340670047311e-003   7.1767924845523567e-001
4.3520000000000003e+000   1.3251340670047311e-003   7.1545542058126532e-001
4.3430000000000000e+000   1.3251340670047311e-003   7.1323848354386821e-001
4.3339999999999996e+000   1.3251340670047311e-003   7.1102841599083910e-001
4.3250000000000002e+000   1.3251340670047311e-003   7.0882519663613597e-001
4.3159999999999998e+000   1.3251340670047311e-003   7.0662880425967411e-001
4.3069999999999995e+000   1.3251340670047311e-003   7.0443921770712237e-001
4.2980000000000000e+000   1.3251340670047311e-003   7.0225641588969923e-001
4.2889999999999997e+000   1.3251340670047311e-003   7.0008037778396959e-001
4.2800000000000002e+000   1.3251340670047311e-003   6.9791108243164224e-001
4.2709999999999999e+000   1.3251340670047311e-003   6.9574850893936846e-001
4.2619999999999996e+000   1.3251340670047311e-003   6.9359263647854008e-001
4.2530000000000001e+000   1.3251340670047311e-003   6.9144344428508930e-001
4.2439999999999998e+000   1.3251340670047311e-003   6.8930091165928897e-001
4.2350000000000003e+000   1.3251340670047311e-003   6.8716501796555240e-001
4.2260000000000000e+000   1.3251340670047311e-003   6.8503574263223554e-001
4.2169999999999996e+000   1.3251340670047311e-003   6.8291306515143813e-001
4.2080000000000002e+000   1.3251340670047311e-003   6.8079696507880660e-001
4.1989999999999998e+000   1.3251340670047311e-003   6.7868742203333687e-001
4.1899999999999995e+000   1.3251340670047311e-003   6.7658441569717842e-001
4.1810000000000000e+000   1.3251340670047311e-003   6.7448792581543815e-001
4.1719999999999997e+000   1.3251340670047311e-003   6.7239793219598587e-001
4.1630000000000003e+000   1.3251340670047311e-003   6.7031441470925901e-001
4.1539999999999999e+000   1.3251340670047311e-003   6.6823735328806966e-001
4.1449999999999996e+000   1.3251340670047311e-003   6.6616672792741050e-001
4.1360000000000001e+000   1.3251340670047311e-003   6.6410251868426284e-001
4.1269999999999998e+000   1.3251340670047311e-003   6.6204470567740381e-001
4.1179999999999994e+000   1.3251340670047311e-003   6.5999326908721545e-001
4.1090000000000000e+000   1.3251340670047311e-003   6.5794818915549369e-001
4.0999999999999996e+000   1.3251340670047311e-003   6.5590944618525782e-001
4.0910000000000002e+000   1.3251340670047311e-003   6.5387702054056096e-001
4.0819999999999999e+000   1.3251340670047311e-003   6.5185089264630081e-001
4.0729999999999995e+000   1.3251340670047311e-003   6.4983104298803152e-001
4.0640000000000001e+000   1.3251340670047311e-003   6.4781745211177511e-001
4.0549999999999997e+000   1.3251340670047311e-003   6.4581010062383459e-001
4.0460000000000003e+000   1.3251340670047311e-003   6.4380896919060715e-001
4.0369999999999999e+000   1.3251340670047311e-003   6.4181403853839736e-001
4.0279999999999996e+000   1.3251340670047311e-003   6.3982528945323247e-001
4.0190000000000001e+000   1.3251340670047311e-003   6.3784270278067667e-001
4.0099999999999998e+000   1.3251340670047311e-003   6.3586625942564667e-001
4.0009999999999994e+000   1.3251340670047311e-003   6.3389594035222818e-001
3.9920000000000000e+000   1.3251340670047311e-003   6.3193172658349217e-001
3.9830000000000001e+000   1.3251340670047311e-003   6.2997359920131213e-001
3.9739999999999998e+000   1.3251340670047311e-003   6.2802153934618221e-001
3.9649999999999999e+000   1.3251340670047311e-003   6.2607552821703505e-001
3.9560000000000000e+000   1.3251340670047311e-003   6.2413554707106134e-001
3.9470000000000001e+000   1.3251340670047311e-003   6.2220157722352865e-001
3.9379999999999997e+000   1.3251340670047311e-003   6.2027360004760179e-001
3.9289999999999998e+000   1.3251340670047311e-003   6.1835159697416364e-001
3.9199999999999999e+000   1.3251340670047311e-003   6.1643554949163570e-001
3.9110000000000000e+000   1.3251340670047311e-003   6.1452543914580027e-001
3.9019999999999997e+000   1.3251340670047311e-003   6.1262124753962266e-001
3.8929999999999998e+000   1.3251340670047311e-003   6.1072295633307394e-001
3.8839999999999999e+000   1.3251340670047311e-003   6.0883054724295405e-001
3.8750000000000000e+000   1.3251340670047311e-003   6.0694400204271626e-001
3.8659999999999997e+000   1.3251340670047311e-003   6.0506330256229102e-001
3.8569999999999998e+000   1.3251340670047311e-003   6.0318843068791150e-001
3.8479999999999999e+000   1.3251340670047311e-003   6.0131936836193867e-001
3.8390000000000000e+000   1.3251340670047311e-003   5.9945609758268759e-001
3.8300000000000001e+000   1.3251340670047311e-003   5.9759860040425405e-001
3.8209999999999997e+000   1.3251340670047311e-003   5.9574685893634183e-001
3.8119999999999998e+000   1.3251340670047311e-003   5.9390085534409010e-001
3.8029999999999999e+000   1.3251340670047311e-003   5.9206057184790173e-001
3.7940000000000000e+000   1.3251340670047311e-003   5.9022599072327231e-001
3.7849999999999997e+000   1.3251340670047311e-003   5.8839709430061915e-001
3.7759999999999998e+000   1.3251340670047311e-003   5.8657386496511121e-001
3.7669999999999999e+000   1.3251340670047311e-003   5.8475628515649947e-001
3.7580000000000000e+000   1.3251340670047311e-003   5.8294433736894757e-001
3.7489999999999997e+000   1.3251340670047311e-003   5.8113800415086359e-001
3.7399999999999998e+000   1.3251340670047311e-003   5.7933726810473163e-001
3.7309999999999999e+000   1.3251340670047311e-003   5.7754211188694471e-001
3.7220000000000000e+000   1.3251340670047311e-003   5.7575251820763684e-001
3.7130000000000001e+000   1.3251340670047311e-003   5.7396846983051752e-001
3.7039999999999997e+000   1.3258067509737596e-003   5.7218994957270508e-001
3.6949999999999998e+000   1.3270982954248622e-003   5.7041694030456158e-001
3.6859999999999999e+000   1.3283864613141527e-003   5.6864942494952719e-001
3.6770000000000000e+000   1.3296712552511583e-003   5.6688738648395653e-001
3.6679999999999997e+000   1.3309526838488201e-003   5.6513080793695414e-001
3.6589999999999998e+000   1.3322307537233357e-003   5.6337967239021147e-001
3.6499999999999999e+000   1.3335054714940008e-003   5.6163396297784318e-001
3.6410000000000000e+000   1.3347768437830545e-003   5.5989366288622577e-001
3.6319999999999997e+000   1.3360448772155240e-003   5.5815875535383475e-001
3.6229999999999998e+000   1.3373095784190723e-003   5.5642922367108349e-001
3.6139999999999999e+000   1.3385709540238468e-003   5.5470505118016245e-001
3.6050000000000000e+000   1.3398290106623276e-003   5.5298622127487840e-001
3.5960000000000001e+000   1.3410837549691808e-003   5.5127271740049499e-001
3.5869999999999997e+000   1.3423351935811089e-003   5.4956452305357284e-001
3.5779999999999998e+000   1.3435833331367055e-003   5.4786162178181064e-001
3.5690000000000000e+000   1.3448281802763105e-003   5.4616399718388697e-001
3.5600000000000001e+000   1.3460697416418663e-003   5.4447163290930212e-001
3.5509999999999997e+000   1.3473080238767751e-003   5.4278451265822047e-001
3.5419999999999998e+000   1.3485430336257589e-003   5.4110262018131394e-001
3.5329999999999999e+000   1.3497747775347182e-003   5.3942593927960525e-001
3.5240000000000000e+000   1.3510032622505953e-003   5.3775445380431153e-001
3.5149999999999997e+000   1.3522284944212357e-003   5.3608814765668944e-001
3.5059999999999998e+000   1.3534504806620210e-003   5.3043138435705839e-001
3.4969999999999999e+000   1.3546692427330732e-003   5.2879365004603163e-001
3.4880000000000000e+000   1.3558848012853060e-003   5.2716102342236559e-001
3.4789999999999996e+000   1.3570971628124849e-003   5.2553348874002492e-001
3.4699999999999998e+000   1.3583063338096367e-003   5.2391103030170039e-001
3.4609999999999999e+000   1.3595123207729124e-003   5.2229363245865901e-001
3.4520000000000000e+000   1.3607151301994491e-003   5.2068127961059263e-001
3.4430000000000001e+000   1.3619147685872356e-003   5.1907395620546903e-001
3.4339999999999997e+000   1.3631112424349774e-003   5.1747164673938228e-001
3.4249999999999998e+000   1.3643045582419642e-003   5.1587433575640351e-001
3.4159999999999999e+000   1.3654947225079372e-003   5.1428200784843325e-001
3.4070000000000000e+000   1.3666817417329596e-003   5.1269464765505279e-001
3.3979999999999997e+000   1.3678656224172866e-003   5.1111223986337728e-001
3.3889999999999998e+000   1.3690463710612374e-003   5.0953476920790863e-001
3.3799999999999999e+000   1.3702239941650683e-003   5.0796222047038897e-001
3.3710000000000000e+000   1.3713984982288471e-003   5.0639457847965452e-001
3.3619999999999997e+000   1.3725698897523286e-003   5.0483182811149052e-001
3.3529999999999998e+000   1.3737381752348308e-003   5.0327395428848543e-001
3.3439999999999999e+000   1.3749033611751135e-003   5.0172094197988693e-001
3.3350000000000000e+000   1.3760654540712566e-003   5.0017277620145761e-001
3.3260000000000001e+000   1.3772244604205405e-003   4.9862944201533116e-001
3.3169999999999997e+000   1.3783803867193274e-003   4.9709092452986919e-001
3.3079999999999998e+000   1.3795332394629437e-003   4.9555720889951843e-001
3.2989999999999999e+000   1.3806830251455638e-003   4.9402828032466850e-001
3.2900000000000000e+000   1.3818297502600943e-003   4.9250412405150995e-001
3.2809999999999997e+000   1.3829734212980605e-003   4.9098472537189297e-001
3.2719999999999998e+000   1.3841140447494924e-003   4.8947006962318618e-001
3.2629999999999999e+000   1.3852516271028129e-003   4.8796014218813638e-001
3.2540000000000000e+000   1.3863861748447278e-003   4.8645492849472827e-001
3.2449999999999997e+000   1.3875176944601149e-003   4.8495441401604494e-001
3.2359999999999998e+000   1.3886461924319153e-003   4.8345858427012861e-001
3.2269999999999999e+000   1.3897716752410267e-003   4.8196742481984201e-001
3.2180000000000000e+000   1.3908941493661954e-003   4.8048092127272984e-001
3.2090000000000001e+000   1.3920136212839114e-003   4.7899905928088110e-001
3.1999999999999997e+000   1.3931300974683036e-003   4.7752182454079162e-001
3.1909999999999998e+000   1.3942435843910372e-003   4.7604920279322688e-001
3.1819999999999999e+000   1.3953540885212094e-003   4.7458117982308573e-001
3.1730000000000000e+000   1.3964616163252490e-003   4.7311774145926405e-001
3.1639999999999997e+000   1.3975661742668163e-003   4.7165887357451902e-001
3.1549999999999998e+000   1.3986677688067025e-003   4.7020456208533401e-001
3.1459999999999999e+000   1.3997664064027320e-003   4.6875479295178346e-001
3.1370000000000000e+000   1.4008620935096645e-003   4.6730955217739878e-001
3.1279999999999997e+000   1.4019548365790991e-003   4.6586882580903405e-001
3.1189999999999998e+000   1.4030446420593774e-003   4.6443259993673253e-001
3.1099999999999999e+000   1.4041315163954907e-003   4.6300086069359353e-001
3.1010000000000000e+000   1.4052154660289841e-003   4.6157359425563954e-001
3.0919999999999996e+000   1.4062964973978660e-003   4.6015078684168403e-001
3.0829999999999997e+000   1.4073746169365152e-003   4.5873242471319953e-001
3.0739999999999998e+000   1.4084498310755901e-003   4.5731849417418591e-001
3.0649999999999999e+000   1.4095221462419390e-003   4.5590898157103954e-001
3.0560000000000000e+000   1.4105915688585110e-003   4.5450387329242248e-001
3.0469999999999997e+000   1.4116581053442681e-003   4.5310315576913207e-001
3.0379999999999998e+000   1.4127217621140980e-003   4.5170681547397146e-001
3.0289999999999999e+000   1.4137825455787275e-003   4.5031483892161955e-001
3.0200000000000000e+000   1.4148404621446373e-003   4.4892721266850261e-001
3.0109999999999997e+000   1.4158955182139779e-003   4.4754392331266502e-001
3.0019999999999998e+000   1.4169477201844854e-003   4.4616495749364138e-001
2.9929999999999999e+000   1.4179970744493996e-003   4.4479030189232843e-001
2.9840000000000000e+000   1.4190435873973803e-003   4.4341994323085787e-001
2.9749999999999996e+000   1.4200872654124290e-003   4.4205386827246895e-001
2.9659999999999997e+000   1.4211281148738064e-003   4.4069206382138210e-001
2.9569999999999999e+000   1.4221661421559540e-003   4.3933451672267249e-001
2.9480000000000000e+000   1.4232013536284159e-003   4.3798121386214417e-001
2.9390000000000001e+000   1.4242337556557602e-003   4.3663214216620472e-001
2.9299999999999997e+000   1.4252633545975032e-003   4.3528728860173987e-001
2.9209999999999998e+000   1.4262901568080333e-003   4.3394664017598911e-001
2.9119999999999999e+000   1.4273141686365351e-003   4.3261018393642126e-001
2.9030000000000000e+000   1.4283353964269151e-003   4.3127790697061036e-001
2.8939999999999997e+000   1.4293538465177291e-003   4.2994979640611231e-001
2.8849999999999998e+000   1.4303695252421086e-003   4.2862583941034171e-001
2.8759999999999999e+000   1.4313824389276882e-003   4.2730602319044908e-001
2.8670000000000000e+000   1.4323925938965359e-003   4.2599033499319816e-001
2.8579999999999997e+000   1.4333999964650820e-003   4.2467876210484440e-001
2.8489999999999998e+000   1.4344046529440485e-003   4.2337129185101291e-001
2.8399999999999999e+000   1.4354065696383816e-003   4.2206791159657725e-001
2.8310000000000000e+000   1.4364057528471830e-003   4.2076860874553884e-001
2.8220000000000001e+000   1.4374022088636423e-003   4.1947337074090590e-001
2.8129999999999997e+000   1.4383959439749705e-003   4.1818218506457394e-001
2.8039999999999998e+000   1.4394053334661370e-003   1.6646598622825743e+000
2.7949999999999999e+000   1.4404337877751226e-003   1.6619606353663463e+000
2.7860000000000000e+000   1.4414684110022570e-003   1.6592701326443067e+000
2.7769999999999997e+000   1.4425091674737710e-003   1.6565883139029147e+000
2.7679999999999998e+000   1.4435560217509907e-003   1.6539151391661566e+000
2.7589999999999999e+000   1.4446089386285564e-003   1.6512505686937784e+000
2.7500000000000000e+000   1.4456678831326565e-003   1.6485945629795333e+000
2.7409999999999997e+000   1.4467328205192784e-003   1.6459470827494482e+000
2.7319999999999998e+000   1.4478037162724720e-003   1.6433080889601037e+000
2.7229999999999999e+000   1.4488805361026311e-003   1.6406775427969313e+000
2.7140000000000000e+000   1.4499632459447865e-003   1.6380554056725254e+000
2.7049999999999996e+000   1.4510518119569165e-003   1.6354416392249713e+000
2.6959999999999997e+000   1.4521462005182707e-003   1.6328362053161898e+000
2.6869999999999998e+000   1.4532463782277079e-003   1.6302390660302930e+000
2.6779999999999999e+000   1.4543523119020486e-003   1.6276501836719606e+000
2.6690000000000000e+000   1.4554639685744426e-003   1.6250695207648260e+000
2.6599999999999997e+000   1.4565813154927484e-003   1.6224970400498802e+000
2.6509999999999998e+000   1.4577043201179285e-003   1.6199327044838892e+000
2.6419999999999999e+000   1.4588329501224575e-003   1.6173764772378250e+000
2.6330000000000000e+000   1.4599671733887430e-003   1.6148283216953128e+000
2.6239999999999997e+000   1.4611069580075626e-003   1.6122882014510898e+000
2.6149999999999998e+000   1.4622522722765104e-003   1.6097560803094793e+000
2.6059999999999999e+000   1.4634030846984599e-003   1.6072319222828790e+000
2.5970000000000000e+000   1.4645593639800384e-003   1.6047156915902614e+000
2.5879999999999996e+000   1.4657210790301144e-003   1.6022073526556881e+000
2.5789999999999997e+000   1.4668881989582984e-003   1.5997068701068391e+000
2.5699999999999998e+000   1.4680606930734556e-003   1.5972142087735524e+000
2.5609999999999999e+000   1.4692385308822319e-003   1.5947293336863784e+000
2.5520000000000000e+000   1.4704216820875917e-003   1.5922522100751473e+000
2.5429999999999997e+000   1.4716101165873688e-003   1.5897828033675478e+000
2.5339999999999998e+000   1.4728038044728279e-003   1.5873210791877210e+000
2.5249999999999999e+000   1.4740027160272408e-003   1.5848670033548631e+000
2.5160000000000000e+000   1.4752068217244710e-003   1.5824205418818431e+000
2.5069999999999997e+000   1.4764160922275740e-003   1.5799816609738326e+000
2.4979999999999998e+000   1.4776304983874070e-003   1.5775503270269469e+000
2.4889999999999999e+000   1.4788500112412493e-003   1.5751265066268971e+000
2.4800000000000000e+000   1.4800746020114377e-003   1.5727101665476564e+000
2.4709999999999996e+000   1.4813042421040099e-003   1.5703012737501365e+000
2.4619999999999997e+000   1.4825389031073602e-003   1.5678997953808753e+000
2.4529999999999998e+000   1.4837785567909079e-003   1.5655056987707368e+000
2.4440000000000000e+000   1.4850231751037746e-003   1.5631189514336226e+000
2.4350000000000001e+000   1.4862727301734734e-003   1.5607395210651935e+000
2.4259999999999997e+000   1.4875271943046091e-003   1.5583673755416032e+000
2.4169999999999998e+000   1.4887865399775895e-003   1.5560024829182424e+000
2.4079999999999999e+000   1.4900507398473459e-003   1.5536448114284935e+000
2.3990000000000000e+000   1.4913197667420664e-003   1.5512943294824975e+000
2.3899999999999997e+000   1.4925935936619371e-003   1.5489510056659290e+000
2.3809999999999998e+000   1.4938721937778959e-003   1.5466148087387848e+000
2.3719999999999999e+000   1.4951555404303951e-003   1.5442857076341798e+000
2.3630000000000000e+000   1.4964436071281746e-003   1.5419636714571563e+000
2.3539999999999996e+000   1.4977363675470466e-003   1.5396486694834999e+000
2.3449999999999998e+000   1.4990337955286869e-003   1.5373406711585691e+000
2.3359999999999999e+000   1.5003358650794395e-003   1.5350396460961331e+000
2.3270000000000000e+000   1.5016425503691293e-003   1.5327455640772185e+000
2.3180000000000001e+000   1.5029538257298849e-003   1.5304583950489681e+000
2.3089999999999997e+000   1.5042696656549705e-003   1.5281781091235076e+000
2.2999999999999998e+000   1.5055900447976289e-003   1.5259046765768232e+000
2.2909999999999999e+000   1.5069149379699311e-003   1.5236380678476464e+000
2.2820000000000000e+000   1.5082443201416384e-003   1.5213782535363518e+000
2.2729999999999997e+000   1.5095781664390719e-003   1.5191252044038606e+000
2.2639999999999998e+000   1.5109164521439913e-003   1.5168788913705551e+000
2.2549999999999999e+000   1.5122591526924832e-003   1.5146392855152024e+000
2.2460000000000000e+000   1.5136062436738587e-003   1.5124063580738871e+000
2.2369999999999997e+000   1.5149577008295588e-003   1.5101800804389516e+000
2.2279999999999998e+000   1.5163135000520701e-003   1.5079604241579463e+000
2.2189999999999999e+000   1.5176736173838476e-003   1.5057473609325893e+000
2.2100000000000000e+000   1.5190380290162481e-003   1.5035408626177331e+000
2.2009999999999996e+000   1.5204067112884702e-003   1.5013409012203407e+000
2.1919999999999997e+000   1.5217796406865054e-003   1.4991474488984706e+000
2.1829999999999998e+000   1.5231567938420935e-003   1.4969604779602692e+000
2.1739999999999999e+000   1.5245381475316919e-003   1.4947799608629719e+000
2.1650000000000000e+000   1.5259236786754476e-003   1.4926058702119132e+000
2.1559999999999997e+000   1.5273133643361819e-003   1.4904381787595435e+000
2.1469999999999998e+000   1.5287071817183802e-003   1.4882768594044555e+000
2.1379999999999999e+000   1.5301051081671913e-003   1.4861218851904172e+000
2.1290000000000000e+000   1.5315071211674356e-003   1.4839732293054138e+000
2.1199999999999997e+000   1.5329131983426181e-003   1.4818308650806966e+000
2.1109999999999998e+000   1.5343233174539524e-003   1.4796947659898410e+000
2.1019999999999999e+000   1.5357374563993915e-003   1.4775649056478097e+000
2.0930000000000000e+000   1.5371555932126653e-003   1.4754412578100271e+000
2.0839999999999996e+000   1.5385777060623266e-003   1.4733237963714576e+000
2.0749999999999997e+000   1.5400037732508055e-003   1.4712124953656929e+000
2.0659999999999998e+000   1.5414337732134696e-003   1.4691073289640482e+000
2.0569999999999999e+000   1.5428676845176924e-003   1.4670082714746624e+000
2.0480000000000000e+000   1.5443054858619294e-003   1.4649152973416086e+000
2.0389999999999997e+000   1.5457471560748016e-003   1.4628283811440097e+000
2.0299999999999998e+000   1.5471926741141846e-003   1.4607474975951624e+000
2.0209999999999999e+000   1.5486420190663076e-003   1.4586726215416674e+000
2.0120000000000000e+000   1.5500951701448572e-003   1.4566037279625665e+000
2.0029999999999997e+000   1.5515521066900889e-003   1.4545407919684881e+000
1.9939999999999998e+000   1.5530128081679465e-003   1.4524837888007966e+000
1.9849999999999999e+000   1.5544772541691873e-003   1.4504326938307519e+000
1.9759999999999998e+000   1.5559454244085135e-003   1.4483874825586733e+000
1.9669999999999999e+000   1.5574172987237139e-003   1.4463481306131105e+000
1.9579999999999997e+000   1.5588928570748070e-003   1.4443146137500213e+000
1.9489999999999998e+000   1.5603720795431962e-003   1.4422869078519567e+000
1.9399999999999997e+000   1.5618549463308270e-003   1.4402649889272505e+000
1.9309999999999998e+000   1.5633414377593541e-003   1.4382488331092169e+000
1.9219999999999999e+000   1.5648315342693135e-003   1.4362384166553539e+000
1.9129999999999998e+000   1.5663252164193008e-003   1.4342337159465528e+000
1.9039999999999999e+000   1.5678224648851568e-003   1.4322347074863138e+000
1.8949999999999998e+000   1.5693232604591589e-003   1.4302413678999684e+000
1.8859999999999999e+000   1.5708275840492188e-003   1.4282536739339067e+000
1.8769999999999998e+000   1.5723354166780870e-003   1.4262716024548121e+000
1.8679999999999999e+000   1.5738467394825618e-003   1.4242951304489011e+000
1.8589999999999998e+000   1.5753615337127068e-003   1.4223242350211684e+000
1.8499999999999999e+000   1.5768797807310725e-003   1.4203588933946403e+000
1.8409999999999997e+000   1.5784014620119247e-003   1.4183990829096302e+000
1.8319999999999999e+000   1.5799265591404797e-003   1.4164447810230034e+000
1.8229999999999997e+000   1.5814550538121429e-003   1.4144959653074454e+000
1.8139999999999998e+000   1.5829869278317565e-003   1.4125526134507362e+000
1.8049999999999999e+000   1.5839105474971483e-003   7.3850253302314905e-001
1.7959999999999998e+000   1.5842663317240887e-003   7.3724313769951744e-001
1.7869999999999999e+000   1.5846218527973634e-003   7.3598758602206416e-001
1.7779999999999998e+000   1.5849771094940393e-003   7.3473586360372045e-001
1.7689999999999999e+000   1.5853321006121148e-003   7.3348795611791573e-001
1.7599999999999998e+000   1.5856868249703279e-003   7.3224384929827224e-001
1.7509999999999999e+000   1.5860412814079627e-003   7.3100352893830145e-001
1.7419999999999998e+000   1.5863954687846600e-003   7.2976698089110248e-001
1.7329999999999999e+000   1.5867493859802293e-003   7.2853419106906370e-001
1.7239999999999998e+000   1.5871030318944618e-003   7.2730514544356428e-001
1.7149999999999999e+000   1.5874564054469448e-003   7.2607983004467991e-001
1.7059999999999997e+000   1.5878095055768776e-003   7.2485823096088930e-001
1.6969999999999998e+000   1.5881623312428903e-003   7.2364033433878261e-001
1.6879999999999997e+000   1.5885148814228619e-003   7.2242612638277282e-001
1.6789999999999998e+000   1.5888671551137416e-003   7.2121559335480789e-001
1.6699999999999999e+000   1.5892191513313713e-003   7.2000872157408569e-001
1.6609999999999998e+000   1.5895708691103082e-003   7.1880549741677036e-001
1.6519999999999999e+000   1.5899223075036516e-003   7.1760590731571106e-001
1.6429999999999998e+000   1.5902734655828675e-003   7.1640993776016193e-001
1.6339999999999999e+000   1.5906243424376185e-003   7.1521757529550445e-001
1.6249999999999998e+000   1.5909749371755925e-003   7.1402880652297163e-001
1.6159999999999999e+000   1.5913252489223337e-003   7.1284361809937358e-001
1.6069999999999998e+000   1.5916752768210740e-003   7.1166199673682573e-001
1.5979999999999999e+000   1.5920250200325682e-003   7.1048392920247738e-001
1.5889999999999997e+000   1.5923744777349281e-003   7.0930940231824413e-001
1.5799999999999998e+000   1.5927236491234589e-003   7.0813840296054009e-001
1.5709999999999997e+000   1.5930725334104975e-003   7.0697091806001289e-001
1.5619999999999998e+000   1.5934211298252508e-003   7.0580693460128030e-001
1.5529999999999997e+000   1.5937694376136373e-003   7.0464643962266871e-001
1.5439999999999998e+000   1.5941174560381278e-003   7.0348942021595240e-001
1.5349999999999999e+000   1.5944651843775885e-003   7.0233586352609578e-001
1.5259999999999998e+000   1.5948126219271265e-003   7.0118575675099659e-001
1.5169999999999999e+000   1.5951597679979340e-003   7.0003908714123064e-001
1.5079999999999998e+000   1.5955066219171365e-003   6.9889584199979882e-001
1.4989999999999999e+000   1.5958531830276396e-003   6.9775600868187504e-001
1.4899999999999998e+000   1.5961994506879804e-003   6.9661957459455615e-001
1.4809999999999999e+000   1.5965454242721758e-003   6.9548652719661352e-001
1.4719999999999998e+000   1.5968911031695769e-003   6.9435685399824609e-001
1.4629999999999999e+000   1.5972364867847203e-003   6.9323054256083505e-001
1.4539999999999997e+000   1.5975815745371828e-003   6.9210758049669963e-001
1.4449999999999998e+000   1.5979263658614381e-003   6.9098795546885550e-001
1.4359999999999997e+000   1.5982708602067124e-003   6.8987165519077365e-001
1.4269999999999998e+000   1.5986150570368428e-003   6.8875866742614134e-001
1.4179999999999999e+000   1.5989589558301359e-003   6.8764897998862407e-001
1.4089999999999998e+000   1.5993025560792295e-003   6.8654258074162977e-001
1.3999999999999999e+000   1.5996458572909520e-003   6.8543945759807423e-001
1.3909999999999998e+000   1.5999888589861870e-003   6.8433959852014714e-001
1.3819999999999999e+000   1.6003315606997357e-003   6.8324299151908108e-001
1.3729999999999998e+000   1.6006739619801823e-003   6.8214962465492057e-001
1.3639999999999999e+000   1.6010160623897594e-003   6.8105948603629352e-001
1.3549999999999998e+000   1.6013578615042164e-003   6.7997256382018378e-001
1.3459999999999999e+000   1.6016993589126859e-003   6.7888884621170453e-001
1.3369999999999997e+000   1.6020405542175541e-003   6.7780832146387415e-001
1.3279999999999998e+000   1.6023814470343316e-003   6.7673097787739278e-001
1.3189999999999997e+000   1.6027220369915233e-003   6.7565680380042015e-001
1.3099999999999998e+000   1.6030623237305020e-003   6.7458578762835519e-001
1.3009999999999997e+000   1.6034023069053816e-003   6.7351791780361658e-001
1.2919999999999998e+000   1.6037419861828920e-003   6.7245318281542510e-001
1.2829999999999999e+000   1.6040813612422542e-003   6.7139157119958726e-001
1.2739999999999998e+000   1.6044204317750572e-003   6.7033307153827926e-001
1.2649999999999999e+000   1.6047591974851358e-003   6.6927767245983372e-001
1.2559999999999998e+000   1.6050976580884492e-003   6.6822536263852683e-001
1.2469999999999999e+000   1.6054358133129601e-003   6.6717613079436699e-001
1.2379999999999998e+000   1.6057736628985165e-003   6.6612996569288463e-001
1.2289999999999999e+000   1.6061112065967327e-003   6.6508685614492313e-001
1.2199999999999998e+000   1.6064484441708719e-003   6.6404679100643182e-001
1.2109999999999999e+000   1.6067853753957294e-003   6.6300975917825911e-001
1.2019999999999997e+000   1.6071220000575186e-003   6.6197574960594741e-001
1.1929999999999998e+000   1.6074583179537549e-003   6.6094475127952945e-001
1.1839999999999997e+000   1.6077943288931437e-003   6.5991675323332544e-001
1.1749999999999998e+000   1.6081300326954658e-003   6.5889174454574140e-001
1.1659999999999999e+000   1.6084654291914683e-003   6.5786971433906904e-001
1.1569999999999998e+000   1.6088005182227515e-003   6.5685065177928681e-001
1.1479999999999999e+000   1.6091352996416605e-003   6.5583454607586122e-001
1.1389999999999998e+000   1.6094697733111760e-003   6.5482138648155108e-001
1.1299999999999999e+000   1.6098039391048064e-003   6.5381116229221081e-001
1.1209999999999998e+000   1.6101377969064798e-003   6.5280386284659653e-001
1.1119999999999999e+000   1.6104713466104390e-003   6.5179947752617240e-001
1.1029999999999998e+000   1.6108045881211357e-003   6.5079799575491881e-001
1.0939999999999999e+000   1.6111375213531259e-003   6.4979940699914041e-001
1.0849999999999997e+000   1.6114701462309662e-003   6.4880370076727700e-001
1.0759999999999998e+000   1.6118024626891113e-003   6.4781086660971365e-001
1.0669999999999997e+000   1.6121344706718122e-003   6.4682089411859378e-001
1.0579999999999998e+000   1.6124661701330143e-003   6.4583377292763156e-001
1.0489999999999997e+000   1.6127975610362591e-003   6.4484949271192660e-001
1.0399999999999998e+000   1.6131286433545828e-003   6.4386804318777946e-001
1.0309999999999999e+000   1.6134594170704184e-003   6.4288941411250744e-001
1.0219999999999998e+000   1.6137898821754985e-003   6.4191359528426262e-001
1.0129999999999999e+000   1.6141200386707575e-003   6.4094057654185010e-001
1.0039999999999998e+000   1.6144498865662367e-003   6.3997034776454753e-001
9.9499999999999977e-001   1.6147794258809878e-003   6.3900289887192563e-001
9.8599999999999977e-001   1.6151086566429784e-003   6.3803821982366948e-001
9.7699999999999976e-001   1.6154375788889992e-003   6.3707630061940168e-001
9.6799999999999986e-001   1.6157661926645701e-003   6.3611713129850511e-001
9.5899999999999985e-001   1.6160944980238489e-003   6.3516070193994822e-001
9.4999999999999984e-001   1.6164224950295388e-003   6.3420700266210994e-001
9.4099999999999984e-001   1.6167501837527983e-003   6.3325602362260625e-001
9.3199999999999983e-001   1.6170775642731514e-003   6.3230775501811798e-001
9.2299999999999982e-001   1.6174046366783986e-003   6.3136218708421876e-001
9.1399999999999981e-001   1.6177314010645276e-003   6.3041931009520480e-001
9.0499999999999980e-001   1.6180578575356263e-003   6.2947911436392467e-001
8.9599999999999980e-001   1.6183840062037958e-003   6.2854159024161105e-001
8.8699999999999979e-001   1.6187098471890638e-003   6.2760672811771234e-001
8.7799999999999978e-001   1.6190353806193000e-003   6.2667451841972632e-001
8.6899999999999977e-001   1.6193606066301296e-003   6.2574495161303345e-001
8.5999999999999976e-001   1.6196855253648511e-003   6.2481801820073268e-001
8.5099999999999976e-001   1.6200101369743514e-003   6.2389370872347616e-001
8.4199999999999986e-001   1.6203344416170239e-003   6.2297201375930689e-001
8.3299999999999985e-001   1.6206584394586870e-003   6.2205292392349554e-001
8.2399999999999984e-001   1.6209821306725006e-003   6.2113642986837936e-001
8.1499999999999984e-001   1.6213055154388879e-003   6.2022252228320141e-001
8.0599999999999983e-001   1.6219648747580395e-003   1.2248017474376909e+000
7.9699999999999982e-001   1.6229345416226321e-003   1.2233561171689391e+000
7.8799999999999981e-001   1.6239070682031629e-003   1.2219140118381744e+000
7.7899999999999980e-001   1.6248824427578649e-003   1.2204754186719808e+000
7.6999999999999980e-001   1.6258606536041812e-003   1.2190403249554604e+000
7.6099999999999979e-001   1.6268416891184068e-003   1.2176087180319135e+000
7.5199999999999978e-001   1.6278255377353351e-003   1.2161805853025249e+000
7.4299999999999977e-001   1.6288121879479045e-003   1.2147559142260482e+000
7.3399999999999976e-001   1.6298016283068503e-003   1.2133346923184949e+000
7.2499999999999976e-001   1.6307938474203558e-003   1.2119169071528244e+000
7.1599999999999986e-001   1.6317888339537089e-003   1.2105025463586354e+000
7.0699999999999985e-001   1.6327865766289579e-003   1.2090915976218617e+000
6.9799999999999984e-001   1.6337870642245719e-003   1.2076840486844658e+000
6.8899999999999983e-001   1.6347902855751036e-003   1.2062798873441389e+000
6.7999999999999983e-001   1.6357962295708520e-003   1.2048791014540003e+000
6.7099999999999982e-001   1.6368048851575306e-003   1.2034816789222986e+000
6.6199999999999981e-001   1.6378162413359354e-003   1.2020876077121159e+000
6.5299999999999980e-001   1.6388302871616161e-003   1.2006968758410737e+000
6.4399999999999979e-001   1.6398470117445492e-003   1.1993094713810390e+000
6.3499999999999979e-001   1.6408664042488143e-003   1.1979253824578360e+000
6.2599999999999978e-001   1.6418884538922710e-003   1.1965445972509545e+000
6.1699999999999977e-001   1.6429131499462392e-003   1.1951671039932650e+000
6.0799999999999976e-001   1.6439404817351812e-003   1.1937928909707320e+000
5.9899999999999975e-001   1.6449704386363860e-003   1.1924219465221322e+000
5.8999999999999975e-001   1.6460030100796550e-003   1.1910542590387709e+000
5.8099999999999985e-001   1.6470381855469916e-003   1.1896898169642036e+000
5.7199999999999984e-001   1.6480759545722903e-003   1.1883286087939573e+000
5.6299999999999983e-001   1.6491163067410301e-003   1.1869706230752544e+000
5.5399999999999983e-001   1.6501592316899699e-003   1.1856158484067376e+000
5.4499999999999982e-001   1.6512047191068438e-003   1.1842642734381972e+000
5.3599999999999981e-001   1.6522527587300609e-003   1.1829158868703005e+000
5.2699999999999980e-001   1.6533033403484053e-003   1.1815706774543209e+000
5.1799999999999979e-001   1.6543564538007399e-003   1.1802286339918713e+000
5.0899999999999979e-001   1.6554120889757102e-003   1.1788897453346374e+000
4.9999999999999978e-001   1.6564702358114515e-003   1.1775540003841130e+000
4.9099999999999983e-001   1.6575308842952980e-003   1.1762213880913372e+000
4.8199999999999982e-001   1.6585940244634918e-003   1.1748918974566340e+000
4.7299999999999981e-001   1.6596596464008985e-003   1.1735655175293507e+000
4.6399999999999980e-001   1.6607277402407184e-003   1.1722422374076018e+000
4.5499999999999979e-001   1.6617982961642048e-003   1.1709220462380119e+000
4.4599999999999979e-001   1.6628713044003823e-003   1.1696049332154599e+000
4.3699999999999978e-001   1.6639467552257660e-003   1.1682908875828273e+000
4.2799999999999983e-001   1.6650246389640843e-003   1.1669798986307454e+000
4.1899999999999982e-001   1.6661049459860023e-003   1.1656719556973449e+000
4.0999999999999981e-001   1.6671876667088479e-003   1.1643670481680086e+000
4.0099999999999980e-001   1.6682727915963390e-003   1.1630651654751225e+000
3.9199999999999979e-001   1.6693603111583132e-003   1.1617662970978315e+000
3.8299999999999979e-001   1.6704502159504584e-003   1.1604704325617947e+000
3.7399999999999978e-001   1.6715424965740456e-003   1.1591775614389428e+000
3.6499999999999977e-001   1.6726371436756643e-003   1.1578876733472367e+000
3.5599999999999982e-001   1.6737341479469584e-003   1.1566007579504289e+000
3.4699999999999981e-001   1.6748335001243644e-003   1.1553168049578240e+000
3.3799999999999980e-001   1.6759351909888514e-003   1.1540358041240422e+000
3.2899999999999979e-001   1.6770392113656619e-003   1.1527577452487845e+000
3.1999999999999978e-001   1.6781455521240568e-003   1.1514826181765987e+000
3.1099999999999978e-001   1.6792542041770588e-003   1.1502104127966464e+000
3.0199999999999977e-001   1.6803651584811994e-003   1.1489411190424716e+000
2.9299999999999982e-001   1.6814784060362672e-003   1.1476747268917729e+000
2.8399999999999981e-001   1.6825939378850591e-003   1.1464112263661725e+000
2.7499999999999980e-001   1.6837117451131297e-003   1.1451506075309918e+000
2.6599999999999979e-001   1.6848318188485464e-003   1.1438928604950240e+000
2.5699999999999978e-001   1.6859541502616429e-003   1.1426379754103104e+000
2.4799999999999980e-001   1.6870787305647769e-003   1.1413859424719184e+000
2.3899999999999980e-001   1.6882055510120874e-003   1.1401367519177190e+000
2.2999999999999979e-001   1.6893346028992544e-003   1.1388903940281665e+000
2.2099999999999978e-001   1.6904658775632598e-003   1.1376468591260804e+000
2.1199999999999980e-001   1.6915993663821512e-003   1.1364061375764276e+000
2.0299999999999979e-001   1.6927350607748050e-003   1.1351682197861057e+000
1.9399999999999978e-001   1.6938729522006930e-003   1.1339330962037284e+000
1.8499999999999980e-001   1.6950130321596493e-003   1.1327007573194114e+000
1.7599999999999980e-001   1.6961552921916398e-003   1.1314711936645609e+000
1.6699999999999979e-001   1.6972997238765316e-003   1.1302443958116615e+000
1.5799999999999978e-001   1.6984463188338661e-003   1.1290203543740664e+000
1.4899999999999980e-001   1.6995950687226312e-003   1.1277990600057894e+000
1.3999999999999979e-001   1.7007459652410369e-003   1.1265805034012968e+000
1.3099999999999978e-001   1.7018990001262911e-003   1.1253646752953010e+000
1.2199999999999979e-001   1.7030541651543774e-003   1.1241515664625572e+000
1.1299999999999980e-001   1.7042114521398349e-003   1.1229411677176571e+000
1.0399999999999979e-001   1.7053708529355381e-003   1.1217334699148283e+000
9.4999999999999793e-002   1.7065323594324788e-003   1.1205284639477320e+000
8.5999999999999785e-002   1.7076959635595500e-003   1.1193261407492634e+000
7.6999999999999791e-002   1.7088616572833309e-003   1.1181264912913524e+000
6.7999999999999783e-002   1.7100294326078725e-003   1.1169295065847655e+000
5.8999999999999789e-002   1.7111992815744856e-003   1.1157351776789095e+000
4.9999999999999788e-002   1.7123711962615292e-003   1.1145434956616358e+000
4.0999999999999787e-002   1.7135451687842018e-003   1.1133544516590461e+000
3.1999999999999786e-002   1.7147211912943322e-003   1.1121680368352995e+000
2.2999999999999788e-002   1.7158992559801725e-003   1.1109842423924194e+000
1.3999999999999787e-002   1.7170793550661935e-003   1.1098030595701041e+000
4.9999999999997867e-003   1.7182614808128791e-003   1.1086244796455347e+000
