      XGAUSS          WGAUSS
0 : 0.0000e+000     0.0000e+000
1 : 0.0000e+000     0.0000e+000
2 : -3.9221e-003     7.8441e-003
3 : 1.1766e-002     7.8436e-003
4 : -1.1766e-002     7.8436e-003
5 : 1.9609e-002     7.8427e-003
6 : -1.9609e-002     7.8427e-003
7 : 2.7451e-002     7.8412e-003
8 : -2.7451e-002     7.8412e-003
9 : 3.5291e-002     7.8393e-003
10 : -3.5291e-002     7.8393e-003
11 : 4.3130e-002     7.8369e-003
12 : -4.3130e-002     7.8369e-003
13 : 5.0965e-002     7.8340e-003
14 : -5.0965e-002     7.8340e-003
15 : 5.8797e-002     7.8306e-003
16 : -5.8797e-002     7.8306e-003
17 : 6.6626e-002     7.8267e-003
18 : -6.6626e-002     7.8267e-003
19 : 7.4451e-002     7.8224e-003
20 : -7.4451e-002     7.8224e-003
21 : 8.2271e-002     7.8176e-003
22 : -8.2271e-002     7.8176e-003
23 : 9.0086e-002     7.8123e-003
24 : -9.0086e-002     7.8123e-003
25 : 9.7895e-002     7.8065e-003
26 : -9.7895e-002     7.8065e-003
27 : 1.0570e-001     7.8002e-003
28 : -1.0570e-001     7.8002e-003
29 : 1.1350e-001     7.7935e-003
30 : -1.1350e-001     7.7935e-003
31 : 1.2129e-001     7.7863e-003
32 : -1.2129e-001     7.7863e-003
33 : 1.2907e-001     7.7786e-003
34 : -1.2907e-001     7.7786e-003
35 : 1.3684e-001     7.7704e-003
36 : -1.3684e-001     7.7704e-003
37 : 1.4461e-001     7.7617e-003
38 : -1.4461e-001     7.7617e-003
39 : 1.5237e-001     7.7526e-003
40 : -1.5237e-001     7.7526e-003
41 : 1.6011e-001     7.7430e-003
42 : -1.6011e-001     7.7430e-003
43 : 1.6785e-001     7.7329e-003
44 : -1.6785e-001     7.7329e-003
45 : 1.7558e-001     7.7223e-003
46 : -1.7558e-001     7.7223e-003
47 : 1.8330e-001     7.7113e-003
48 : -1.8330e-001     7.7113e-003
49 : 1.9100e-001     7.6998e-003
50 : -1.9100e-001     7.6998e-003
51 : 1.9870e-001     7.6878e-003
52 : -1.9870e-001     7.6878e-003
53 : 2.0638e-001     7.6753e-003
54 : -2.0638e-001     7.6753e-003
55 : 2.1405e-001     7.6624e-003
56 : -2.1405e-001     7.6624e-003
57 : 2.2170e-001     7.6490e-003
58 : -2.2170e-001     7.6490e-003
59 : 2.2934e-001     7.6351e-003
60 : -2.2934e-001     7.6351e-003
61 : 2.3697e-001     7.6207e-003
62 : -2.3697e-001     7.6207e-003
63 : 2.4458e-001     7.6059e-003
64 : -2.4458e-001     7.6059e-003
65 : 2.5218e-001     7.5906e-003
66 : -2.5218e-001     7.5906e-003
67 : 2.5977e-001     7.5749e-003
68 : -2.5977e-001     7.5749e-003
69 : 2.6733e-001     7.5587e-003
70 : -2.6733e-001     7.5587e-003
71 : 2.7488e-001     7.5420e-003
72 : -2.7488e-001     7.5420e-003
73 : 2.8242e-001     7.5248e-003
74 : -2.8242e-001     7.5248e-003
75 : 2.8993e-001     7.5072e-003
76 : -2.8993e-001     7.5072e-003
77 : 2.9743e-001     7.4892e-003
78 : -2.9743e-001     7.4892e-003
79 : 3.0491e-001     7.4706e-003
80 : -3.0491e-001     7.4706e-003
81 : 3.1237e-001     7.4516e-003
82 : -3.1237e-001     7.4516e-003
83 : 3.1981e-001     7.4322e-003
84 : -3.1981e-001     7.4322e-003
85 : 3.2724e-001     7.4123e-003
86 : -3.2724e-001     7.4123e-003
87 : 3.3464e-001     7.3919e-003
88 : -3.3464e-001     7.3919e-003
89 : 3.4202e-001     7.3711e-003
90 : -3.4202e-001     7.3711e-003
91 : 3.4938e-001     7.3498e-003
92 : -3.4938e-001     7.3498e-003
93 : 3.5672e-001     7.3281e-003
94 : -3.5672e-001     7.3281e-003
95 : 3.6404e-001     7.3059e-003
96 : -3.6404e-001     7.3059e-003
97 : 3.7133e-001     7.2833e-003
98 : -3.7133e-001     7.2833e-003
99 : 3.7860e-001     7.2602e-003
100 : -3.7860e-001     7.2602e-003
101 : 3.8585e-001     7.2367e-003
102 : -3.8585e-001     7.2367e-003
103 : 3.9308e-001     7.2128e-003
104 : -3.9308e-001     7.2128e-003
105 : 4.0028e-001     7.1884e-003
106 : -4.0028e-001     7.1884e-003
107 : 4.0745e-001     7.1635e-003
108 : -4.0745e-001     7.1635e-003
109 : 4.1460e-001     7.1382e-003
110 : -4.1460e-001     7.1382e-003
111 : 4.2173e-001     7.1125e-003
112 : -4.2173e-001     7.1125e-003
113 : 4.2883e-001     7.0863e-003
114 : -4.2883e-001     7.0863e-003
115 : 4.3590e-001     7.0597e-003
116 : -4.3590e-001     7.0597e-003
117 : 4.4295e-001     7.0327e-003
118 : -4.4295e-001     7.0327e-003
119 : 4.4997e-001     7.0052e-003
120 : -4.4997e-001     7.0052e-003
121 : 4.5696e-001     6.9773e-003
122 : -4.5696e-001     6.9773e-003
123 : 4.6392e-001     6.9490e-003
124 : -4.6392e-001     6.9490e-003
125 : 4.7086e-001     6.9202e-003
126 : -4.7086e-001     6.9202e-003
127 : 4.7776e-001     6.8910e-003
128 : -4.7776e-001     6.8910e-003
129 : 4.8464e-001     6.8614e-003
130 : -4.8464e-001     6.8614e-003
131 : 4.9148e-001     6.8314e-003
132 : -4.9148e-001     6.8314e-003
133 : 4.9830e-001     6.8009e-003
134 : -4.9830e-001     6.8009e-003
135 : 5.0509e-001     6.7701e-003
136 : -5.0509e-001     6.7701e-003
137 : 5.1184e-001     6.7388e-003
138 : -5.1184e-001     6.7388e-003
139 : 5.1856e-001     6.7071e-003
140 : -5.1856e-001     6.7071e-003
141 : 5.2525e-001     6.6750e-003
142 : -5.2525e-001     6.6750e-003
143 : 5.3191e-001     6.6424e-003
144 : -5.3191e-001     6.6424e-003
145 : 5.3854e-001     6.6095e-003
146 : -5.3854e-001     6.6095e-003
147 : 5.4513e-001     6.5762e-003
148 : -5.4513e-001     6.5762e-003
149 : 5.5169e-001     6.5424e-003
150 : -5.5169e-001     6.5424e-003
151 : 5.5822e-001     6.5083e-003
152 : -5.5822e-001     6.5083e-003
153 : 5.6471e-001     6.4737e-003
154 : -5.6471e-001     6.4737e-003
155 : 5.7116e-001     6.4388e-003
156 : -5.7116e-001     6.4388e-003
157 : 5.7759e-001     6.4034e-003
158 : -5.7759e-001     6.4034e-003
159 : 5.8397e-001     6.3677e-003
160 : -5.8397e-001     6.3677e-003
161 : 5.9032e-001     6.3316e-003
162 : -5.9032e-001     6.3316e-003
163 : 5.9663e-001     6.2951e-003
164 : -5.9663e-001     6.2951e-003
165 : 6.0291e-001     6.2581e-003
166 : -6.0291e-001     6.2581e-003
167 : 6.0915e-001     6.2209e-003
168 : -6.0915e-001     6.2209e-003
169 : 6.1535e-001     6.1832e-003
170 : -6.1535e-001     6.1832e-003
171 : 6.2152e-001     6.1451e-003
172 : -6.2152e-001     6.1451e-003
173 : 6.2764e-001     6.1067e-003
174 : -6.2764e-001     6.1067e-003
175 : 6.3373e-001     6.0679e-003
176 : -6.3373e-001     6.0679e-003
177 : 6.3978e-001     6.0287e-003
178 : -6.3978e-001     6.0287e-003
179 : 6.4579e-001     5.9892e-003
180 : -6.4579e-001     5.9892e-003
181 : 6.5176e-001     5.9492e-003
182 : -6.5176e-001     5.9492e-003
183 : 6.5769e-001     5.9090e-003
184 : -6.5769e-001     5.9090e-003
185 : 6.6357e-001     5.8683e-003
186 : -6.6357e-001     5.8683e-003
187 : 6.6942e-001     5.8273e-003
188 : -6.6942e-001     5.8273e-003
189 : 6.7523e-001     5.7859e-003
190 : -6.7523e-001     5.7859e-003
191 : 6.8099e-001     5.7442e-003
192 : -6.8099e-001     5.7442e-003
193 : 6.8672e-001     5.7021e-003
194 : -6.8672e-001     5.7021e-003
195 : 6.9240e-001     5.6597e-003
196 : -6.9240e-001     5.6597e-003
197 : 6.9804e-001     5.6169e-003
198 : -6.9804e-001     5.6169e-003
199 : 7.0363e-001     5.5738e-003
200 : -7.0363e-001     5.5738e-003
201 : 7.0918e-001     5.5303e-003
202 : -7.0918e-001     5.5303e-003
203 : 7.1469e-001     5.4865e-003
204 : -7.1469e-001     5.4865e-003
205 : 7.2016e-001     5.4424e-003
206 : -7.2016e-001     5.4424e-003
207 : 7.2558e-001     5.3979e-003
208 : -7.2558e-001     5.3979e-003
209 : 7.3095e-001     5.3531e-003
210 : -7.3095e-001     5.3531e-003
211 : 7.3628e-001     5.3079e-003
212 : -7.3628e-001     5.3079e-003
213 : 7.4157e-001     5.2625e-003
214 : -7.4157e-001     5.2625e-003
215 : 7.4681e-001     5.2167e-003
216 : -7.4681e-001     5.2167e-003
217 : 7.5200e-001     5.1706e-003
218 : -7.5200e-001     5.1706e-003
219 : 7.5715e-001     5.1241e-003
220 : -7.5715e-001     5.1241e-003
221 : 7.6225e-001     5.0774e-003
222 : -7.6225e-001     5.0774e-003
223 : 7.6730e-001     5.0303e-003
224 : -7.6730e-001     5.0303e-003
225 : 7.7231e-001     4.9830e-003
226 : -7.7231e-001     4.9830e-003
227 : 7.7727e-001     4.9353e-003
228 : -7.7727e-001     4.9353e-003
229 : 7.8218e-001     4.8873e-003
230 : -7.8218e-001     4.8873e-003
231 : 7.8704e-001     4.8390e-003
232 : -7.8704e-001     4.8390e-003
233 : 7.9186e-001     4.7905e-003
234 : -7.9186e-001     4.7905e-003
235 : 7.9662e-001     4.7416e-003
236 : -7.9662e-001     4.7416e-003
237 : 8.0134e-001     4.6924e-003
238 : -8.0134e-001     4.6924e-003
239 : 8.0601e-001     4.6430e-003
240 : -8.0601e-001     4.6430e-003
241 : 8.1063e-001     4.5932e-003
242 : -8.1063e-001     4.5932e-003
243 : 8.1520e-001     4.5432e-003
244 : -8.1520e-001     4.5432e-003
245 : 8.1971e-001     4.4929e-003
246 : -8.1971e-001     4.4929e-003
247 : 8.2418e-001     4.4424e-003
248 : -8.2418e-001     4.4424e-003
249 : 8.2860e-001     4.3915e-003
250 : -8.2860e-001     4.3915e-003
251 : 8.3296e-001     4.3404e-003
252 : -8.3296e-001     4.3404e-003
253 : 8.3728e-001     4.2890e-003
254 : -8.3728e-001     4.2890e-003
255 : 8.4154e-001     4.2373e-003
256 : -8.4154e-001     4.2373e-003
257 : 8.4575e-001     4.1854e-003
258 : -8.4575e-001     4.1854e-003
259 : 8.4991e-001     4.1333e-003
260 : -8.4991e-001     4.1333e-003
261 : 8.5402e-001     4.0808e-003
262 : -8.5402e-001     4.0808e-003
263 : 8.5807e-001     4.0282e-003
264 : -8.5807e-001     4.0282e-003
265 : 8.6208e-001     3.9753e-003
266 : -8.6208e-001     3.9753e-003
267 : 8.6602e-001     3.9221e-003
268 : -8.6602e-001     3.9221e-003
269 : 8.6992e-001     3.8687e-003
270 : -8.6992e-001     3.8687e-003
271 : 8.7376e-001     3.8150e-003
272 : -8.7376e-001     3.8150e-003
273 : 8.7755e-001     3.7612e-003
274 : -8.7755e-001     3.7612e-003
275 : 8.8128e-001     3.7070e-003
276 : -8.8128e-001     3.7070e-003
277 : 8.8496e-001     3.6527e-003
278 : -8.8496e-001     3.6527e-003
279 : 8.8859e-001     3.5981e-003
280 : -8.8859e-001     3.5981e-003
281 : 8.9216e-001     3.5433e-003
282 : -8.9216e-001     3.5433e-003
283 : 8.9568e-001     3.4883e-003
284 : -8.9568e-001     3.4883e-003
285 : 8.9914e-001     3.4331e-003
286 : -8.9914e-001     3.4331e-003
287 : 9.0254e-001     3.3777e-003
288 : -9.0254e-001     3.3777e-003
289 : 9.0589e-001     3.3221e-003
290 : -9.0589e-001     3.3221e-003
291 : 9.0919e-001     3.2662e-003
292 : -9.0919e-001     3.2662e-003
293 : 9.1242e-001     3.2102e-003
294 : -9.1242e-001     3.2102e-003
295 : 9.1561e-001     3.1539e-003
296 : -9.1561e-001     3.1539e-003
297 : 9.1873e-001     3.0975e-003
298 : -9.1873e-001     3.0975e-003
299 : 9.2180e-001     3.0409e-003
300 : -9.2180e-001     3.0409e-003
301 : 9.2481e-001     2.9841e-003
302 : -9.2481e-001     2.9841e-003
303 : 9.2777e-001     2.9271e-003
304 : -9.2777e-001     2.9271e-003
305 : 9.3067e-001     2.8699e-003
306 : -9.3067e-001     2.8699e-003
307 : 9.3351e-001     2.8125e-003
308 : -9.3351e-001     2.8125e-003
309 : 9.3629e-001     2.7550e-003
310 : -9.3629e-001     2.7550e-003
311 : 9.3902e-001     2.6973e-003
312 : -9.3902e-001     2.6973e-003
313 : 9.4169e-001     2.6395e-003
314 : -9.4169e-001     2.6395e-003
315 : 9.4430e-001     2.5814e-003
316 : -9.4430e-001     2.5814e-003
317 : 9.4685e-001     2.5232e-003
318 : -9.4685e-001     2.5232e-003
319 : 9.4934e-001     2.4649e-003
320 : -9.4934e-001     2.4649e-003
321 : 9.5178e-001     2.4064e-003
322 : -9.5178e-001     2.4064e-003
323 : 9.5416e-001     2.3478e-003
324 : -9.5416e-001     2.3478e-003
325 : 9.5648e-001     2.2890e-003
326 : -9.5648e-001     2.2890e-003
327 : 9.5874e-001     2.2301e-003
328 : -9.5874e-001     2.2301e-003
329 : 9.6094e-001     2.1710e-003
330 : -9.6094e-001     2.1710e-003
331 : 9.6308e-001     2.1118e-003
332 : -9.6308e-001     2.1118e-003
333 : 9.6516e-001     2.0525e-003
334 : -9.6516e-001     2.0525e-003
335 : 9.6718e-001     1.9930e-003
336 : -9.6718e-001     1.9930e-003
337 : 9.6915e-001     1.9335e-003
338 : -9.6915e-001     1.9335e-003
339 : 9.7105e-001     1.8738e-003
340 : -9.7105e-001     1.8738e-003
341 : 9.7289e-001     1.8140e-003
342 : -9.7289e-001     1.8140e-003
343 : 9.7468e-001     1.7541e-003
344 : -9.7468e-001     1.7541e-003
345 : 9.7640e-001     1.6940e-003
346 : -9.7640e-001     1.6940e-003
347 : 9.7807e-001     1.6339e-003
348 : -9.7807e-001     1.6339e-003
349 : 9.7967e-001     1.5737e-003
350 : -9.7967e-001     1.5737e-003
351 : 9.8121e-001     1.5133e-003
352 : -9.8121e-001     1.5133e-003
353 : 9.8270e-001     1.4529e-003
354 : -9.8270e-001     1.4529e-003
355 : 9.8412e-001     1.3924e-003
356 : -9.8412e-001     1.3924e-003
357 : 9.8548e-001     1.3318e-003
358 : -9.8548e-001     1.3318e-003
359 : 9.8678e-001     1.2711e-003
360 : -9.8678e-001     1.2711e-003
361 : 9.8802e-001     1.2104e-003
362 : -9.8802e-001     1.2104e-003
363 : 9.8920e-001     1.1496e-003
364 : -9.8920e-001     1.1496e-003
365 : 9.9032e-001     1.0887e-003
366 : -9.9032e-001     1.0887e-003
367 : 9.9138e-001     1.0277e-003
368 : -9.9138e-001     1.0277e-003
369 : 9.9238e-001     9.6665e-004
370 : -9.9238e-001     9.6665e-004
371 : 9.9331e-001     9.0556e-004
372 : -9.9331e-001     9.0556e-004
373 : 9.9419e-001     8.4441e-004
374 : -9.9419e-001     8.4441e-004
375 : 9.9500e-001     7.8321e-004
376 : -9.9500e-001     7.8321e-004
377 : 9.9575e-001     7.2197e-004
378 : -9.9575e-001     7.2197e-004
379 : 9.9645e-001     6.6068e-004
380 : -9.9645e-001     6.6068e-004
381 : 9.9708e-001     5.9934e-004
382 : -9.9708e-001     5.9934e-004
383 : 9.9764e-001     5.3797e-004
384 : -9.9764e-001     5.3797e-004
385 : 9.9815e-001     4.7657e-004
386 : -9.9815e-001     4.7657e-004
387 : 9.9860e-001     4.1514e-004
388 : -9.9860e-001     4.1514e-004
389 : 9.9898e-001     3.5368e-004
390 : -9.9898e-001     3.5368e-004
391 : 9.9931e-001     2.9221e-004
392 : -9.9931e-001     2.9221e-004
393 : 9.9957e-001     2.3071e-004
394 : -9.9957e-001     2.3071e-004
395 : 9.9977e-001     1.6920e-004
396 : -9.9977e-001     1.6920e-004
397 : 9.9991e-001     1.0769e-004
398 : -9.9991e-001     1.0769e-004
399 : 9.9998e-001     4.6264e-005
